161016311611622
161016311611622
161024220222410
161024220222410
161161016221631
161161016221631
16122761626520
16122761626520
16125616262720
16125616262720
1618830030818
1618830030818
16202726166512
16202726166512
16205261662712
16205261662712
162216116311610
162216116311610
162224100102422
162224100102422
16240241624024
16240241624024
16240241624024
16262712162056
16262712162056
16265121620276
16265121620276
16271651651627
16271651651627
16271651651627
1630818018830
1630818018830
163116221610161
163116221610161
16516271627165
16516271627165
16516271627165
16627201612526
16627201612526
16652016122726
16652016122726
