16262712162056 -1 -1 -1 -1 1 1 -1 1 1 1 -1 1 1 1 1 1 
16202726166512 -1 -1 -1 -1 1 1 1 -1 1 1 1 -1 1 1 1 1 
163116221610161 -1 -1 -1 1 -1 -1 1 1 1 1 -1 1 1 1 1 1 
16271651651627 -1 -1 -1 1 -1 1 -1 1 1 -1 1 1 1 1 1 1 
16262712162056 -1 -1 -1 1 -1 1 1 -1 -1 1 1 1 1 1 1 1 
16122761626520 -1 -1 -1 1 -1 1 1 1 -1 1 1 -1 1 1 1 1 
16228103210822 -1 -1 -1 1 -1 1 1 1 -1 1 1 1 1 -1 1 1 
16142423222414 -1 -1 -1 1 -1 1 1 1 1 -1 1 1 -1 1 1 1 
16271651651627 -1 -1 -1 1 -1 1 1 1 1 -1 1 1 1 1 -1 1 
163116221610161 -1 -1 -1 1 1 -1 -1 1 -1 1 1 1 1 1 1 1 
168328168328 -1 -1 -1 1 1 -1 1 1 -1 1 -1 1 1 1 1 1 
168328168328 -1 -1 1 -1 -1 1 1 1 1 -1 1 -1 1 1 1 1 
16271651651627 -1 -1 1 -1 1 -1 1 -1 -1 1 1 1 1 1 1 1 
16142423222414 -1 -1 1 -1 1 -1 1 1 -1 -1 1 1 1 1 1 1 
16202726166512 -1 -1 -1 -1 1 1 1 -1 1 1 1 -1 1 1 1 1 
16262712162056 -1 -1 -1 1 -1 1 1 -1 -1 1 1 1 1 1 1 1 
16122761626520 -1 -1 -1 1 -1 1 1 1 -1 1 1 -1 1 1 1 1 
16228103210822 -1 -1 -1 1 -1 1 1 1 -1 1 1 1 1 -1 1 1 
168328168328 -1 -1 -1 1 1 -1 1 1 -1 1 -1 1 1 1 1 1 
168328168328 -1 -1 1 -1 -1 1 1 1 1 -1 1 -1 1 1 1 1 
16262712162056 -1 -1 -1 -1 1 1 -1 1 1 1 -1 1 1 1 1 1 
163116221610161 -1 -1 -1 1 -1 -1 1 1 1 1 -1 1 1 1 1 1 
16271651651627 -1 -1 -1 1 -1 1 -1 1 1 -1 1 1 1 1 1 1 
16142423222414 -1 -1 -1 1 -1 1 1 1 1 -1 1 1 -1 1 1 1 
16271651651627 -1 -1 -1 1 -1 1 1 1 1 -1 1 1 1 1 -1 1 
163116221610161 -1 -1 -1 1 1 -1 -1 1 -1 1 1 1 1 1 1 1 
16271651651627 -1 -1 1 -1 1 -1 1 -1 -1 1 1 1 1 1 1 1 
16142423222414 -1 -1 1 -1 1 -1 1 1 -1 -1 1 1 1 1 1 1 
16202726166512 -1 -1 -1 -1 1 1 1 -1 1 1 1 -1 1 1 1 1 
16262712162056 -1 -1 -1 1 -1 1 1 -1 -1 1 1 1 1 1 1 1 
16122761626520 -1 -1 -1 1 -1 1 1 1 -1 1 1 -1 1 1 1 1 
16228103210822 -1 -1 -1 1 -1 1 1 1 -1 1 1 1 1 -1 1 1 
168328168328 -1 -1 -1 1 1 -1 1 1 -1 1 -1 1 1 1 1 1 
168328168328 -1 -1 1 -1 -1 1 1 1 1 -1 1 -1 1 1 1 1 
16262712162056 -1 -1 -1 -1 1 1 -1 1 1 1 -1 1 1 1 1 1 
163116221610161 -1 -1 -1 1 -1 -1 1 1 1 1 -1 1 1 1 1 1 
16271651651627 -1 -1 -1 1 -1 1 -1 1 1 -1 1 1 1 1 1 1 
16142423222414 -1 -1 -1 1 -1 1 1 1 1 -1 1 1 -1 1 1 1 
16271651651627 -1 -1 -1 1 -1 1 1 1 1 -1 1 1 1 1 -1 1 
163116221610161 -1 -1 -1 1 1 -1 -1 1 -1 1 1 1 1 1 1 1 
16271651651627 -1 -1 1 -1 1 -1 1 -1 -1 1 1 1 1 1 1 1 
16142423222414 -1 -1 1 -1 1 -1 1 1 -1 -1 1 1 1 1 1 1 
16202726166512 -1 -1 -1 -1 1 1 1 -1 1 1 1 -1 1 1 1 1 
16262712162056 -1 -1 -1 1 -1 1 1 -1 -1 1 1 1 1 1 1 1 
16122761626520 -1 -1 -1 1 -1 1 1 1 -1 1 1 -1 1 1 1 1 
16228103210822 -1 -1 -1 1 -1 1 1 1 -1 1 1 1 1 -1 1 1 
168328168328 -1 -1 -1 1 1 -1 1 1 -1 1 -1 1 1 1 1 1 
168328168328 -1 -1 1 -1 -1 1 1 1 1 -1 1 -1 1 1 1 1 
16262712162056 -1 -1 -1 -1 1 1 -1 1 1 1 -1 1 1 1 1 1 
163116221610161 -1 -1 -1 1 -1 -1 1 1 1 1 -1 1 1 1 1 1 
16271651651627 -1 -1 -1 1 -1 1 -1 1 1 -1 1 1 1 1 1 1 
16142423222414 -1 -1 -1 1 -1 1 1 1 1 -1 1 1 -1 1 1 1 
16271651651627 -1 -1 -1 1 -1 1 1 1 1 -1 1 1 1 1 -1 1 
163116221610161 -1 -1 -1 1 1 -1 -1 1 -1 1 1 1 1 1 1 1 
16271651651627 -1 -1 1 -1 1 -1 1 -1 -1 1 1 1 1 1 1 1 
16142423222414 -1 -1 1 -1 1 -1 1 1 -1 -1 1 1 1 1 1 1 
16202726166512 -1 -1 -1 -1 1 1 1 -1 1 1 1 -1 1 1 1 1 
16262712162056 -1 -1 -1 1 -1 1 1 -1 -1 1 1 1 1 1 1 1 
16122761626520 -1 -1 -1 1 -1 1 1 1 -1 1 1 -1 1 1 1 1 
16228103210822 -1 -1 -1 1 -1 1 1 1 -1 1 1 1 1 -1 1 1 
168328168328 -1 -1 -1 1 1 -1 1 1 -1 1 -1 1 1 1 1 1 
168328168328 -1 -1 1 -1 -1 1 1 1 1 -1 1 -1 1 1 1 1 
16262712162056 -1 -1 -1 -1 1 1 -1 1 1 1 -1 1 1 1 1 1 
163116221610161 -1 -1 -1 1 -1 -1 1 1 1 1 -1 1 1 1 1 1 
16271651651627 -1 -1 -1 1 -1 1 -1 1 1 -1 1 1 1 1 1 1 
16142423222414 -1 -1 -1 1 -1 1 1 1 1 -1 1 1 -1 1 1 1 
16271651651627 -1 -1 -1 1 -1 1 1 1 1 -1 1 1 1 1 -1 1 
163116221610161 -1 -1 -1 1 1 -1 -1 1 -1 1 1 1 1 1 1 1 
16271651651627 -1 -1 1 -1 1 -1 1 -1 -1 1 1 1 1 1 1 1 
16142423222414 -1 -1 1 -1 1 -1 1 1 -1 -1 1 1 1 1 1 1 
