16652016122726 -1 -1 -1 -1 1 1 -1 1 1 1 -1 1 1 1 1 1 
16125616262720 -1 -1 -1 -1 1 1 1 -1 1 1 1 -1 1 1 1 1 
16125616262720 -1 -1 -1 -1 1 1 1 1 -1 1 1 1 -1 1 1 1 
16652016122726 -1 -1 -1 -1 1 1 1 1 1 -1 1 1 1 -1 1 1 
161161016221631 -1 -1 -1 1 -1 -1 1 1 1 1 -1 1 1 1 1 1 
16516271627165 -1 -1 -1 1 -1 1 -1 1 1 -1 1 1 1 1 1 1 
16652016122726 -1 -1 -1 1 -1 1 1 -1 -1 1 1 1 1 1 1 1 
16122761626520 -1 -1 -1 1 -1 1 1 -1 1 1 1 1 -1 1 1 1 
16205261662712 -1 -1 -1 1 -1 1 1 1 -1 1 1 -1 1 1 1 1 
161024220222410 -1 -1 -1 1 -1 1 1 1 -1 1 1 1 1 -1 1 1 
1618830030818 -1 -1 -1 1 -1 1 1 1 1 -1 1 1 -1 1 1 1 
16516271627165 -1 -1 -1 1 -1 1 1 1 1 -1 1 1 1 1 -1 1 
161016311611622 -1 -1 -1 1 -1 1 1 1 1 1 -1 1 1 -1 1 1 
16125616262720 -1 -1 -1 1 -1 1 1 1 1 1 1 -1 -1 1 1 1 
161161016221631 -1 -1 -1 1 1 -1 -1 1 -1 1 1 1 1 1 1 1 
16122761626520 -1 -1 -1 1 1 -1 1 -1 1 1 1 1 1 -1 1 1 
16240241624024 -1 -1 -1 1 1 -1 1 1 -1 1 -1 1 1 1 1 1 
162224100102422 -1 -1 -1 1 1 -1 1 1 -1 1 1 1 -1 1 1 1 
161016311611622 -1 -1 -1 1 1 -1 1 1 -1 1 1 1 1 1 -1 1 
16265121620276 -1 -1 -1 1 1 -1 1 1 1 -1 1 -1 1 1 1 1 
162216116311610 -1 -1 -1 1 1 -1 1 1 1 1 -1 1 -1 1 1 1 
161024220222410 -1 -1 -1 1 1 -1 1 1 1 1 -1 1 1 1 -1 1 
16122761626520 -1 -1 -1 1 1 -1 1 1 1 1 1 -1 1 -1 1 1 
16125616262720 -1 -1 -1 1 1 1 -1 -1 1 1 1 1 1 1 -1 1 
162216116311610 -1 -1 -1 1 1 1 -1 1 -1 1 1 1 1 -1 1 1 
16271651651627 -1 -1 -1 1 1 1 -1 1 1 -1 1 1 -1 1 1 1 
1618830030818 -1 -1 -1 1 1 1 -1 1 1 -1 1 1 1 1 -1 1 
162224100102422 -1 -1 -1 1 1 1 -1 1 1 1 -1 1 1 -1 1 1 
16122761626520 -1 -1 -1 1 1 1 -1 1 1 1 1 -1 1 1 -1 1 
16265121620276 -1 -1 -1 1 1 1 1 -1 1 -1 1 1 1 -1 1 1 
16205261662712 -1 -1 -1 1 1 1 1 -1 1 1 -1 1 1 1 -1 1 
16240241624024 -1 -1 -1 1 1 1 1 1 -1 1 -1 1 1 -1 1 1 
161161016221631 -1 -1 -1 1 1 1 1 1 -1 1 1 1 1 -1 -1 1 
16516271627165 -1 -1 -1 1 1 1 1 1 1 -1 1 1 -1 1 -1 1 
16652016122726 -1 -1 -1 1 1 1 1 1 1 1 -1 -1 1 1 -1 1 
161161016221631 -1 -1 -1 1 1 1 1 1 1 1 -1 1 -1 -1 1 1 
16627201612526 -1 -1 1 -1 -1 1 -1 1 1 1 1 1 -1 1 1 1 
161016311611622 -1 -1 1 -1 -1 1 1 -1 1 -1 1 1 1 1 1 1 
16205261662712 -1 -1 1 -1 -1 1 1 1 -1 1 -1 1 1 1 1 1 
16627201612526 -1 -1 1 -1 -1 1 1 1 -1 1 1 1 1 1 -1 1 
16240241624024 -1 -1 1 -1 -1 1 1 1 1 -1 1 -1 1 1 1 1 
16205261662712 -1 -1 1 -1 -1 1 1 1 1 1 -1 1 -1 1 1 1 
161016311611622 -1 -1 1 -1 -1 1 1 1 1 1 1 -1 1 -1 1 1 
16627201612526 -1 -1 1 -1 1 -1 -1 1 1 -1 1 1 1 1 1 1 
16627201612526 -1 -1 1 -1 1 -1 -1 1 1 1 1 1 1 -1 1 1 
16516271627165 -1 -1 1 -1 1 -1 1 -1 -1 1 1 1 1 1 1 1 
1618830030818 -1 -1 1 -1 1 -1 1 1 -1 -1 1 1 1 1 1 1 
16265121620276 -1 -1 1 -1 1 -1 1 1 1 -1 -1 1 1 1 1 1 
16202726166512 -1 -1 1 -1 1 -1 1 1 1 1 -1 1 1 -1 1 1 
162216116311610 -1 -1 1 -1 1 -1 1 1 1 1 1 -1 -1 1 1 1 
161024220222410 -1 -1 1 -1 1 -1 1 1 1 1 1 1 -1 -1 1 1 
16262712162056 -1 -1 1 -1 1 1 -1 1 -1 1 1 1 -1 1 1 1 
16202726166512 -1 -1 1 -1 1 1 -1 1 1 1 -1 1 1 1 -1 1 
1630818018830 -1 -1 1 -1 1 1 1 -1 -1 1 1 -1 1 1 1 1 
16271651651627 -1 -1 1 -1 1 1 1 -1 -1 1 1 1 1 -1 1 1 
163116221610161 -1 -1 1 -1 1 1 1 -1 1 -1 1 1 -1 1 1 1 
16202726166512 -1 -1 1 -1 1 1 1 -1 1 1 1 -1 1 1 -1 1 
1630818018830 -1 -1 1 -1 1 1 1 1 -1 -1 1 1 1 -1 1 1 
16240241624024 -1 -1 1 -1 1 1 1 1 1 -1 1 -1 -1 1 1 1 
162224100102422 -1 -1 1 1 -1 -1 1 1 -1 1 -1 1 1 1 1 1 
162224100102422 -1 -1 1 1 -1 -1 1 1 1 1 1 -1 1 -1 1 1 
161024220222410 -1 -1 1 1 -1 -1 1 1 1 1 1 1 -1 1 -1 1 
1618830030818 -1 -1 1 1 -1 1 -1 1 -1 -1 1 1 1 1 1 1 
16262712162056 -1 -1 1 1 -1 1 -1 1 -1 1 1 -1 1 1 1 1 
16271651651627 -1 -1 1 1 -1 1 -1 1 1 -1 -1 1 1 1 1 1 
163116221610161 -1 -1 1 1 -1 1 1 -1 1 -1 1 -1 1 1 1 1 
16202726166512 -1 -1 1 1 -1 1 1 -1 1 1 1 1 -1 1 -1 1 
1630818018830 -1 -1 1 1 -1 1 1 1 -1 -1 1 1 1 1 -1 1 
16271651651627 -1 -1 1 1 -1 1 1 1 1 -1 -1 1 1 1 -1 1 
162216116311610 -1 -1 1 1 1 -1 -1 1 1 1 1 1 -1 1 -1 1 
1630818018830 -1 -1 1 1 1 -1 1 -1 -1 1 1 1 1 -1 1 1 
16265121620276 -1 -1 1 1 1 -1 1 -1 1 -1 -1 1 1 1 1 1 
163116221610161 -1 -1 1 1 1 -1 1 1 -1 1 -1 1 1 1 -1 1 
16262712162056 -1 -1 1 1 1 -1 1 1 1 -1 1 -1 1 1 -1 1 
163116221610161 -1 -1 1 1 1 1 -1 1 -1 1 -1 1 1 -1 1 1 
16262712162056 -1 -1 1 1 1 1 -1 1 1 -1 1 -1 1 -1 1 1 
