010802233242917 -1 -1 -1 1 1 1 -1 1 1 1 1 -1 1 1 1 1 1 -1 
010290333302910 -1 -1 1 -1 1 -1 -1 1 1 1 1 1 -1 1 1 1 1 1 
033100292901033 -1 -1 1 -1 1 1 -1 1 1 1 1 -1 -1 1 1 1 1 1 
010290333302910 -1 -1 1 -1 1 1 -1 1 1 1 1 1 -1 1 1 1 1 -1 
010802233242917 -1 -1 1 1 1 -1 -1 -1 1 1 1 1 1 1 1 1 -1 1 
029330101003329 -1 -1 1 1 1 -1 -1 1 1 -1 1 1 -1 1 1 1 1 1 
029220171024338 -1 -1 1 1 1 -1 1 1 -1 1 1 1 -1 1 1 1 1 -1 
033170829241022 -1 -1 1 1 1 -1 1 1 1 1 -1 1 -1 -1 1 1 1 1 
029220171024338 -1 -1 1 1 1 -1 1 1 1 1 1 -1 -1 1 -1 1 1 1 
033100292901033 -1 -1 1 1 1 1 -1 1 1 -1 1 1 -1 1 1 1 1 -1 
033170829241022 -1 -1 1 1 1 1 -1 1 1 1 -1 -1 1 -1 1 1 1 1 
029330101003329 -1 -1 1 1 1 1 -1 1 1 1 1 -1 -1 1 1 -1 1 1 
