032231255122332 -1 -1 -1 -1 -1 1 -1 1 -1 1 -1 1 1 -1 1 1 1 1 
026283614312719 -1 -1 -1 -1 -1 1 -1 1 -1 1 1 1 -1 -1 1 1 1 1 
032321223512235 -1 -1 -1 -1 -1 1 -1 1 1 1 -1 -1 1 1 1 1 -1 1 
023321223321255 -1 -1 -1 -1 -1 1 -1 1 1 1 -1 1 1 -1 -1 1 1 1 
0267363336726 -1 -1 -1 -1 -1 1 1 -1 1 -1 1 1 1 -1 1 -1 1 1 
0123236231212125 -1 -1 -1 -1 -1 1 1 1 -1 -1 1 1 -1 1 -1 1 1 1 
032231255122332 -1 -1 -1 -1 1 -1 -1 1 -1 1 -1 1 -1 1 1 1 1 1 
032512325122323 -1 -1 -1 -1 1 -1 -1 1 -1 1 -1 1 1 1 -1 1 1 1 
0267363336726 -1 -1 -1 -1 1 -1 -1 1 -1 1 1 1 -1 1 -1 1 1 1 
01928121414122819 -1 -1 -1 -1 1 -1 -1 1 1 -1 1 -1 1 -1 1 1 1 1 
028312261936147 -1 -1 -1 -1 1 -1 -1 1 1 -1 1 1 1 -1 1 -1 1 1 
02814121919121428 -1 -1 -1 -1 1 -1 -1 1 1 1 -1 1 -1 1 1 1 -1 1 
0122336512121232 -1 -1 -1 -1 1 -1 1 -1 1 -1 1 1 -1 -1 1 1 1 1 
014261272836193 -1 -1 -1 -1 1 -1 1 1 -1 -1 1 -1 1 1 1 -1 1 1 
014261272836193 -1 -1 -1 -1 1 -1 1 1 1 -1 1 1 -1 -1 1 -1 1 1 
032321223512235 -1 -1 -1 -1 1 -1 1 1 1 1 1 -1 1 -1 -1 -1 1 1 
026283614312719 -1 -1 -1 -1 1 1 -1 -1 -1 1 -1 1 -1 1 1 1 1 1 
0122336512121232 -1 -1 -1 -1 1 1 -1 -1 1 -1 1 -1 1 -1 1 1 1 1 
0125363212121223 -1 -1 -1 -1 1 1 -1 -1 1 1 1 -1 1 -1 1 -1 1 1 
028312261936147 -1 -1 -1 1 -1 -1 1 -1 -1 1 -1 1 1 1 -1 1 1 1 
0267363336726 -1 -1 -1 1 -1 1 -1 -1 -1 1 -1 1 1 -1 1 1 1 1 
0267363336726 -1 -1 -1 1 -1 1 -1 -1 1 1 1 1 1 -1 -1 1 -1 1 
