4392518420733430 -1 -1 -1 -1 -1 1 -1 1 -1 1 1 1 -1 1 1 -1 1 1 1 1 
440302218202218100 -1 -1 -1 -1 -1 1 -1 1 1 -1 -1 1 1 1 -1 1 1 1 1 1 
43722910203031183 -1 -1 -1 -1 -1 1 -1 1 1 -1 1 1 -1 1 1 1 -1 1 1 1 
43830718422231028 -1 -1 -1 -1 -1 1 -1 1 1 1 -1 1 -1 1 1 1 1 -1 1 1 
428392527201315112 -1 -1 -1 -1 -1 1 -1 1 1 1 -1 1 1 1 -1 -1 1 1 1 1 
4373992720133113 -1 -1 -1 -1 -1 1 -1 1 1 1 1 1 -1 1 1 -1 -1 1 1 1 
437381618203061021 -1 -1 -1 -1 -1 1 1 -1 -1 1 1 -1 1 -1 1 1 1 1 1 1 
437104018361821106 -1 -1 -1 -1 -1 1 1 -1 -1 1 1 1 1 -1 1 1 -1 1 1 1 
4283823143072738 -1 -1 -1 -1 -1 1 1 -1 1 -1 1 -1 1 1 -1 1 1 1 1 1 
4302533420718439 -1 -1 -1 -1 -1 1 1 -1 1 -1 1 -1 1 1 1 -1 1 1 1 1 
4301822103610221830 -1 -1 -1 -1 -1 1 1 -1 1 -1 1 1 -1 1 1 1 -1 1 1 1 
43015334203318439 -1 -1 -1 -1 -1 1 1 -1 1 -1 1 1 1 -1 1 1 -1 1 1 1 
437131618203961021 -1 -1 -1 -1 -1 1 1 -1 1 -1 1 1 1 -1 1 1 1 -1 1 1 
424382118363011108 -1 -1 -1 -1 -1 1 1 -1 1 1 -1 -1 1 1 1 -1 1 1 1 1 
428302527203815112 -1 -1 -1 -1 -1 1 1 -1 1 1 -1 -1 1 1 1 1 -1 1 1 1 
4253012182022281015 -1 -1 -1 -1 -1 1 1 -1 1 1 -1 1 -1 1 1 1 -1 1 1 1 
424301910203831834 -1 -1 -1 -1 -1 1 1 -1 1 1 1 -1 1 1 -1 1 -1 1 1 1 
424391910201331834 -1 -1 -1 -1 -1 1 1 -1 1 1 1 1 -1 1 -1 1 -1 1 1 1 
43333394201530418 -1 -1 -1 -1 -1 1 1 -1 1 1 1 1 1 -1 1 -1 -1 1 1 1 
41930341202224273 -1 -1 -1 -1 -1 1 1 1 -1 1 -1 1 1 -1 1 1 -1 1 1 1 
435332915201511335 -1 -1 -1 -1 1 -1 -1 1 -1 1 1 1 -1 -1 1 1 1 1 1 1 
436152115433273312 -1 -1 -1 -1 1 -1 -1 1 -1 1 1 1 -1 1 1 -1 1 1 1 1 
4282225102030151812 -1 -1 -1 -1 1 -1 -1 1 1 -1 1 1 1 -1 1 -1 1 1 1 1 
4341026182018261034 -1 -1 -1 -1 1 -1 -1 1 1 -1 1 1 1 1 -1 1 -1 1 1 1 
434183382010193024 -1 -1 -1 -1 1 -1 -1 1 1 1 -1 1 -1 1 1 1 1 -1 1 1 
436332133415271512 -1 -1 -1 -1 1 -1 -1 1 1 1 1 -1 -1 1 1 1 1 1 -1 1 
42925533207351511 -1 -1 -1 -1 1 -1 -1 1 1 1 1 -1 1 -1 1 1 1 -1 1 1 
440186103610371821 -1 -1 -1 -1 1 -1 -1 1 1 1 1 -1 1 1 -1 1 1 1 -1 1 
428331333361519154 -1 -1 -1 -1 1 -1 -1 1 1 1 1 1 -1 -1 1 1 1 -1 1 1 
435332915201511335 -1 -1 -1 -1 1 -1 -1 1 1 1 1 1 -1 -1 1 1 1 1 -1 1 
4343819304300383 -1 -1 -1 -1 1 -1 -1 1 1 1 1 1 1 -1 1 -1 -1 1 1 1 
43625211547273312 -1 -1 -1 -1 1 -1 1 -1 -1 1 1 -1 1 -1 1 1 1 1 1 1 
43941833204331530 -1 -1 -1 -1 1 -1 1 -1 -1 1 1 -1 1 1 1 1 -1 1 1 1 
4312737302013389 -1 -1 -1 -1 1 -1 1 -1 -1 1 1 1 -1 -1 1 1 1 1 1 1 
43343915204303318 -1 -1 -1 -1 1 -1 1 -1 -1 1 1 1 1 -1 1 1 -1 1 1 1 
44022230201018380 -1 -1 -1 -1 1 -1 1 -1 -1 1 1 1 1 -1 1 1 1 -1 1 1 
43730161202262721 -1 -1 -1 -1 1 -1 1 -1 1 -1 -1 1 1 -1 1 1 1 1 1 1 
424391910201331834 -1 -1 -1 -1 1 -1 1 -1 1 -1 1 1 -1 -1 1 1 1 1 1 1 
43422612010262734 -1 -1 -1 -1 1 -1 1 -1 1 -1 1 1 1 1 -1 1 1 -1 1 1 
421386182030161037 -1 -1 -1 -1 1 -1 1 -1 1 1 -1 -1 1 1 -1 1 1 1 1 1 
4312273843012306 -1 -1 -1 -1 1 -1 1 -1 1 1 -1 -1 1 1 1 1 1 -1 1 1 
43833215201523338 -1 -1 -1 -1 1 -1 1 -1 1 1 -1 -1 1 1 1 1 1 1 -1 1 
41439638201363014 -1 -1 -1 -1 1 -1 1 -1 1 1 1 -1 -1 1 1 -1 1 1 1 1 
4387215202523338 -1 -1 -1 -1 1 -1 1 -1 1 1 1 -1 1 1 1 -1 1 1 -1 1 
4282723304173838 -1 -1 -1 -1 1 -1 1 -1 1 1 1 1 -1 -1 1 1 1 1 -1 1 
424181938201033034 -1 -1 -1 -1 1 -1 1 -1 1 1 1 1 -1 1 1 -1 -1 1 1 1 
42725361547123321 -1 -1 -1 -1 1 -1 1 -1 1 1 1 1 1 -1 1 -1 -1 1 1 1 
4372740136121276 -1 -1 -1 -1 1 -1 1 1 -1 -1 -1 1 1 1 1 1 1 -1 1 1 
434303102038191824 -1 -1 -1 -1 1 -1 1 1 -1 -1 1 1 -1 1 1 1 1 1 -1 1 
4341026182018261034 -1 -1 -1 -1 1 -1 1 1 -1 -1 1 1 1 1 -1 1 1 1 -1 1 
413334333615281519 -1 -1 -1 -1 1 -1 1 1 -1 1 1 -1 -1 1 1 1 -1 1 1 1 
4739282741338123 -1 -1 -1 -1 1 -1 1 1 1 -1 1 -1 1 1 -1 -1 1 1 1 1 
436436436436436 -1 -1 -1 -1 1 -1 1 1 1 -1 1 1 1 1 -1 1 -1 -1 1 1 
4193933841334300 -1 -1 -1 -1 1 -1 1 1 1 1 1 -1 -1 1 1 -1 1 -1 1 1 
42925533207351511 -1 -1 -1 -1 1 -1 1 1 1 1 1 -1 1 -1 1 1 -1 -1 1 1 
416182138201037306 -1 -1 -1 -1 1 1 -1 -1 1 1 -1 1 -1 1 1 -1 1 1 1 1 
428125382027153012 -1 -1 -1 -1 1 1 -1 -1 1 1 -1 1 1 1 1 -1 1 -1 1 1 
4313837120303279 -1 -1 -1 -1 1 1 -1 1 -1 -1 -1 1 1 -1 1 1 1 1 1 1 
416392110201337186 -1 -1 -1 -1 1 1 -1 1 -1 1 -1 -1 1 1 -1 1 1 1 1 1 
4822273820302303 -1 -1 -1 -1 1 1 -1 1 -1 1 1 1 -1 -1 1 1 -1 1 1 1 
42825131536719334 -1 -1 -1 1 -1 -1 -1 1 1 -1 1 1 -1 1 -1 1 1 1 1 1 
43310123836223017 -1 -1 -1 1 -1 -1 -1 1 1 -1 1 1 1 1 -1 1 -1 1 1 1 
41430638203863014 -1 -1 -1 1 -1 -1 1 -1 1 1 1 -1 -1 1 1 -1 1 1 1 1 
421188383610243011 -1 -1 -1 1 -1 -1 1 -1 1 1 1 1 -1 1 1 -1 -1 1 1 1 
412301718362233102 -1 -1 -1 1 -1 -1 1 1 -1 1 -1 1 1 -1 -1 1 1 1 1 1 
424132118363911108 -1 -1 -1 1 -1 -1 1 1 -1 1 1 1 1 -1 -1 1 1 1 -1 1 
43010222736222130 -1 -1 -1 1 -1 -1 1 1 1 -1 -1 1 1 1 1 1 -1 1 -1 1 
42871333362519154 -1 -1 -1 1 -1 -1 1 1 1 1 -1 1 1 1 -1 1 -1 -1 1 1 
425212302010283815 -1 -1 -1 1 -1 1 -1 -1 1 -1 1 1 -1 1 1 1 -1 1 1 1 
437101630201863821 -1 -1 -1 1 -1 1 -1 -1 1 -1 1 1 1 1 1 1 -1 -1 1 1 
