1611224518412915118363341 -1 -1 -1 -1 1 -1 1 1 1 -1 1 1 -1 1 1 -1 1 1 1 1 1 1 -1 -1 1 1 
16738423071232367401745 -1 -1 -1 -1 1 -1 1 1 1 -1 1 1 -1 1 1 1 1 -1 1 1 1 1 -1 -1 1 1 
162534335914275051161029 -1 -1 -1 -1 1 -1 1 1 1 -1 1 1 1 -1 -1 1 1 1 1 -1 1 1 1 1 -1 1 
1625213418391316332424821 -1 -1 -1 -1 1 -1 1 1 1 -1 1 1 1 -1 -1 1 1 1 1 1 -1 1 1 -1 1 1 
1618281143151533384515418 -1 -1 -1 -1 1 -1 1 1 1 -1 1 1 1 -1 1 1 1 1 -1 -1 1 1 1 1 -1 1 
161741194740122243242423 -1 -1 -1 -1 1 -1 1 1 1 -1 1 1 1 -1 1 1 1 1 -1 1 -1 1 1 -1 1 1 
16410425421145811363536 -1 -1 -1 -1 1 -1 1 1 1 -1 1 1 1 1 -1 -1 1 1 -1 1 1 -1 1 1 1 1 
16181513523211441229392819 -1 -1 -1 -1 1 -1 1 1 1 -1 1 1 1 1 1 -1 1 1 -1 -1 1 1 1 1 -1 1 
161437189363131134249239 -1 -1 -1 -1 1 -1 1 1 1 -1 1 1 1 1 1 -1 1 1 1 -1 -1 1 -1 1 1 1 
16261016283930371232331335 -1 -1 -1 -1 1 -1 1 1 1 -1 1 1 1 1 1 1 -1 -1 1 -1 1 1 -1 1 1 1 
1618188454814202049242126 -1 -1 -1 -1 1 -1 1 1 1 -1 1 1 1 1 1 1 -1 1 -1 -1 1 1 1 -1 1 1 
16440249343843346181240 -1 -1 -1 -1 1 -1 1 1 1 -1 1 1 1 1 1 1 -1 1 1 -1 1 -1 -1 1 1 1 
16321574372642441742729 -1 -1 -1 -1 1 -1 1 1 1 1 -1 -1 1 -1 1 1 1 -1 1 1 1 1 -1 1 1 1 
16961040259513727134343 -1 -1 -1 -1 1 -1 1 1 1 1 -1 -1 1 -1 1 1 1 1 1 1 1 1 -1 -1 1 1 
1640494453150321134493 -1 -1 -1 -1 1 -1 1 1 1 1 -1 -1 1 1 -1 1 -1 1 1 1 -1 1 1 1 1 1 
16351342463044506303913 -1 -1 -1 -1 1 -1 1 1 1 1 -1 -1 1 1 -1 1 -1 1 1 1 1 1 -1 1 1 1 
1639176441241161326361349 -1 -1 -1 -1 1 -1 1 1 1 1 -1 -1 1 1 -1 1 1 -1 1 1 1 -1 1 1 1 1 
16182113383216442929102834 -1 -1 -1 -1 1 -1 1 1 1 1 -1 -1 1 1 -1 1 1 1 1 1 1 -1 1 -1 1 1 
16283273434432312633844 -1 -1 -1 -1 1 -1 1 1 1 1 -1 -1 1 1 1 1 -1 1 1 -1 1 1 1 -1 1 1 
16173234138249473643212 -1 -1 -1 -1 1 -1 1 1 1 1 -1 1 -1 1 -1 1 1 1 1 1 1 1 -1 -1 1 1 
16272821473144423426410 -1 -1 -1 -1 1 -1 1 1 1 1 -1 1 -1 1 1 1 -1 1 1 1 -1 1 1 -1 1 1 
1616213921242341848332513 -1 -1 -1 -1 1 -1 1 1 1 1 -1 1 -1 1 1 1 -1 1 1 1 1 1 -1 -1 1 1 
16938184013345404993118 -1 -1 -1 -1 1 -1 1 1 1 1 -1 1 -1 1 1 1 1 1 -1 1 1 1 -1 -1 1 1 
1645213247732394724314 -1 -1 -1 -1 1 -1 1 1 1 1 -1 1 1 -1 -1 1 1 1 -1 1 -1 1 1 1 1 1 
1634212184813393325421621 -1 -1 -1 -1 1 -1 1 1 1 1 -1 1 1 -1 -1 1 1 1 1 1 -1 1 -1 1 1 1 
16302319625284444410647 -1 -1 -1 -1 1 -1 1 1 1 1 -1 1 1 -1 1 -1 1 1 1 1 1 -1 -1 1 1 1 
1633272033294635822222511 -1 -1 -1 -1 1 -1 1 1 1 1 -1 1 1 -1 1 1 -1 1 1 1 -1 1 -1 1 1 1 
16261142334448474022529 -1 -1 -1 -1 1 -1 1 1 1 1 -1 1 1 1 -1 -1 1 1 1 1 1 -1 1 -1 1 1 
164318362322452924412118 -1 -1 -1 -1 1 -1 1 1 1 1 -1 1 1 1 -1 1 -1 1 1 -1 -1 1 1 1 1 1 
16191450237251322539347 -1 -1 -1 -1 1 -1 1 1 1 1 -1 1 1 1 -1 1 -1 1 1 1 1 1 -1 -1 1 1 
1621274230411731232732419 -1 -1 -1 -1 1 -1 1 1 1 1 -1 1 1 1 -1 1 1 -1 1 1 1 -1 1 -1 1 1 
16261016283930371232331335 -1 -1 -1 -1 1 -1 1 1 1 1 -1 1 1 1 1 1 -1 -1 1 -1 1 1 1 -1 1 1 
16162839724734354832528 -1 -1 -1 -1 1 -1 1 1 1 1 -1 1 1 1 1 1 -1 -1 1 1 1 -1 1 -1 1 1 
