162845361730201841105249 -1 -1 -1 1 -1 -1 1 1 1 1 -1 -1 -1 1 1 -1 1 1 -1 1 1 1 1 1 1 1 
16223129281322375193949 -1 -1 -1 1 -1 -1 1 1 1 1 -1 -1 -1 1 1 1 1 1 -1 1 1 1 1 -1 1 1 
1651923865244135462045 -1 -1 -1 1 -1 -1 1 1 1 1 -1 -1 -1 1 1 1 1 1 1 1 1 -1 1 1 -1 1 
16221622165016501622165016 -1 -1 -1 1 -1 -1 1 1 1 1 -1 -1 1 -1 1 1 1 1 -1 1 1 1 1 1 -1 1 
16302483415936122544946 -1 -1 -1 1 -1 -1 1 1 1 1 -1 -1 1 1 -1 1 -1 1 1 1 1 1 1 -1 1 1 
1633164416716351645165116 -1 -1 -1 1 -1 -1 1 1 1 1 -1 -1 1 1 1 -1 1 -1 1 1 1 1 1 -1 1 1 
163231289181329374491349 -1 -1 -1 1 -1 -1 1 1 1 1 -1 -1 1 1 1 1 -1 1 -1 1 1 1 1 -1 1 1 
162843718345321926483815 -1 -1 -1 1 -1 -1 1 1 1 1 -1 -1 1 1 1 1 1 -1 1 -1 1 1 1 -1 1 1 
16737389113152133049269 -1 -1 -1 1 -1 -1 1 1 1 1 -1 -1 1 1 1 1 1 -1 1 1 1 1 -1 1 -1 1 
163810175142518511203443 -1 -1 -1 1 -1 -1 1 1 1 1 -1 1 -1 -1 1 1 -1 1 1 1 1 -1 1 1 1 1 
1624141718503510510481034 -1 -1 -1 1 -1 -1 1 1 1 1 -1 1 -1 -1 1 1 1 1 1 -1 1 1 1 1 -1 1 
16466440439123724133443 -1 -1 -1 1 -1 -1 1 1 1 1 -1 1 -1 1 1 -1 1 1 -1 -1 1 1 1 1 1 1 
16522496403611235025935 -1 -1 -1 1 -1 -1 1 1 1 1 -1 1 -1 1 1 1 1 -1 1 1 1 1 1 -1 -1 1 
162293346351225220342944 -1 -1 -1 1 -1 -1 1 1 1 1 -1 1 1 -1 -1 1 1 1 1 1 1 -1 1 1 -1 1 
1636312337141842473101816 -1 -1 -1 1 -1 -1 1 1 1 1 -1 1 1 -1 1 -1 1 1 1 1 -1 1 -1 1 1 1 
162813444913371831329299 -1 -1 -1 1 -1 -1 1 1 1 1 -1 1 1 -1 1 -1 1 1 1 1 -1 1 1 1 -1 1 
1616431231263162613433926 -1 -1 -1 1 -1 -1 1 1 1 1 -1 1 1 -1 1 1 1 1 1 -1 -1 1 1 1 -1 1 
16439846231245224342144 -1 -1 -1 1 -1 -1 1 1 1 1 -1 1 1 1 -1 1 1 -1 1 -1 -1 1 1 1 1 1 
161254315241944334184648 -1 -1 -1 1 -1 -1 1 1 1 1 -1 1 1 1 1 -1 -1 1 1 1 1 1 1 -1 -1 1 
162519434894327551151018 -1 -1 -1 1 -1 -1 1 1 1 1 -1 1 1 1 1 -1 1 -1 1 1 -1 1 1 1 -1 1 
16342254263402948114247 -1 -1 -1 1 -1 -1 1 1 1 1 -1 1 1 1 1 1 -1 -1 -1 1 1 1 1 -1 1 1 
16277202735421736950338 -1 -1 -1 1 -1 -1 1 1 1 1 -1 1 1 1 1 1 -1 -1 1 -1 1 1 1 1 -1 1 
16736740323817124245730 -1 -1 -1 1 -1 -1 1 1 1 1 -1 1 1 1 1 1 1 -1 1 -1 -1 1 1 1 -1 1 
16382283440915123844546 -1 -1 -1 1 -1 -1 1 1 1 1 1 -1 -1 1 -1 1 1 1 -1 1 1 1 1 -1 1 1 
16321714442411139362749 -1 -1 -1 1 -1 -1 1 1 1 1 1 -1 -1 1 -1 1 1 1 1 1 -1 1 1 -1 1 1 
16234551231433928423051 -1 -1 -1 1 -1 -1 1 1 1 1 1 -1 -1 1 -1 1 1 1 1 1 1 1 -1 -1 1 1 
1647923726491940134731 -1 -1 -1 1 -1 -1 1 1 1 1 1 -1 -1 1 1 -1 1 1 -1 1 -1 1 1 1 1 1 
1616213921242341848332513 -1 -1 -1 1 -1 -1 1 1 1 1 1 -1 -1 1 1 1 1 -1 1 1 1 1 -1 1 -1 1 
16473244730294623843211 -1 -1 -1 1 -1 -1 1 1 1 1 1 -1 1 -1 1 -1 1 1 -1 1 1 -1 1 1 1 1 
164417114619472550181232 -1 -1 -1 1 -1 -1 1 1 1 1 1 -1 1 -1 1 1 -1 1 1 -1 1 -1 1 1 1 1 
16457243552824349471728 -1 -1 -1 1 -1 -1 1 1 1 1 1 -1 1 1 -1 -1 1 1 1 -1 1 -1 1 1 1 1 
1639162234229222128385110 -1 -1 -1 1 -1 -1 1 1 1 1 1 -1 1 1 -1 -1 1 1 1 1 -1 1 -1 1 1 1 
1626133936161713416491244 -1 -1 -1 1 -1 -1 1 1 1 1 1 -1 1 1 -1 1 -1 1 1 1 1 1 -1 -1 1 1 
1693136484810302515112521 -1 -1 -1 1 -1 -1 1 1 1 1 1 -1 1 1 -1 1 1 1 1 -1 1 1 -1 1 -1 1 
