1639112219212221528525139 -1 -1 -1 1 1 1 -1 -1 1 1 1 1 1 1 1 -1 -1 1 -1 -1 1 1 -1 1 1 1 
16726172974471532434242 -1 -1 -1 1 1 1 -1 1 -1 -1 1 -1 -1 1 1 -1 -1 1 1 1 1 1 1 1 1 1 
16283453117442034145232 -1 -1 -1 1 1 1 -1 1 -1 -1 1 -1 -1 1 1 1 1 1 1 -1 1 1 -1 1 1 1 
16173423738349433621239 -1 -1 -1 1 1 1 -1 1 -1 -1 1 -1 1 -1 -1 1 1 1 -1 1 1 1 1 1 1 1 
162837381754140313851516 -1 -1 -1 1 1 1 -1 1 -1 -1 1 -1 1 -1 1 1 -1 1 1 1 1 1 -1 1 1 1 
16273791351643910432540 -1 -1 -1 1 1 1 -1 1 -1 -1 1 -1 1 1 -1 -1 1 1 -1 1 1 1 1 1 1 1 
16395115543264352112350 -1 -1 -1 1 1 1 -1 1 -1 -1 1 -1 1 1 -1 1 1 1 -1 1 1 -1 1 1 1 1 
16263128332323847443434 -1 -1 -1 1 1 1 -1 1 -1 -1 1 1 -1 -1 1 -1 1 1 -1 1 1 1 1 1 1 1 
16404459383438461522812 -1 -1 -1 1 1 1 -1 1 -1 -1 1 1 -1 1 -1 1 1 -1 1 -1 1 1 1 1 1 1 
1642472714437411221243114 -1 -1 -1 1 1 1 -1 1 -1 -1 1 1 -1 1 1 -1 1 -1 1 1 1 1 -1 1 1 1 
16465212132507846192218 -1 -1 -1 1 1 1 -1 1 -1 -1 1 1 -1 1 1 1 -1 1 1 -1 1 -1 1 1 1 1 
16445163363034143933516 -1 -1 -1 1 1 1 -1 1 -1 -1 1 1 -1 1 1 1 1 -1 1 -1 1 1 -1 1 1 1 
16341460392264535264441 -1 -1 -1 1 1 1 -1 1 -1 -1 1 1 1 -1 -1 1 -1 -1 1 1 1 1 1 1 1 1 
