163202351285051630292334 -1 -1 -1 1 -1 -1 1 -1 -1 1 1 -1 1 1 1 1 -1 1 -1 1 1 1 1 1 1 1 
163251643395111108513520 -1 -1 -1 1 -1 -1 1 -1 -1 1 1 -1 1 1 1 1 1 -1 1 -1 1 1 1 1 1 1 
16038513014126363340745 -1 -1 -1 1 -1 -1 1 -1 -1 1 1 1 -1 1 1 1 -1 1 1 1 1 -1 1 1 1 1 
1611122639715301152193852 -1 -1 -1 1 -1 -1 1 -1 -1 1 1 1 -1 1 1 1 1 -1 -1 1 1 1 1 1 1 1 
16630393035246134413450 -1 -1 -1 1 -1 -1 1 -1 -1 1 1 1 -1 1 1 1 1 -1 1 1 -1 1 1 1 1 1 
1615104021382528315483811 -1 -1 -1 1 -1 -1 1 -1 -1 1 1 1 1 -1 1 1 1 -1 1 -1 1 1 1 1 1 1 
1652846283634179352747 -1 -1 -1 1 -1 -1 1 -1 -1 1 1 1 1 1 -1 1 1 -1 1 1 1 1 -1 1 1 1 
161813783918121933502452 -1 -1 -1 1 -1 -1 1 -1 -1 1 1 1 1 1 -1 1 1 1 -1 -1 1 1 1 1 1 1 
16122264140452144704726 -1 -1 -1 1 -1 -1 1 -1 -1 1 1 1 1 1 1 -1 1 -1 1 1 1 1 1 -1 1 1 
16913323611727411494244 -1 -1 -1 1 -1 -1 1 -1 -1 1 1 1 1 1 1 1 -1 -1 1 1 1 1 -1 1 1 1 
1612439363330371824101849 -1 -1 -1 1 -1 -1 1 -1 -1 1 1 1 1 1 1 1 -1 1 -1 1 1 -1 1 1 1 1 
16633530443339163451614 -1 -1 -1 1 -1 -1 1 -1 -1 1 1 1 1 1 1 1 1 -1 1 -1 1 -1 1 1 1 1 
161291473822484910291324 -1 -1 -1 1 -1 -1 1 -1 1 -1 -1 1 1 1 1 1 -1 1 -1 1 1 1 1 1 1 1 
16620204554535354445210 -1 -1 -1 1 -1 -1 1 -1 1 -1 1 -1 1 1 1 1 -1 -1 1 1 1 1 1 1 1 1 
16043514414296423326715 -1 -1 -1 1 -1 -1 1 -1 1 -1 1 1 -1 1 1 1 -1 1 1 1 1 1 -1 1 1 1 
16226402247026414714145 -1 -1 -1 1 -1 -1 1 -1 1 -1 1 1 1 1 -1 -1 1 1 1 1 1 1 1 -1 1 1 
1619193615223915249123811 -1 -1 -1 1 -1 -1 1 -1 1 -1 1 1 1 1 1 -1 1 1 1 -1 -1 1 1 1 1 1 
16836502945182413222281 -1 -1 -1 1 -1 -1 1 -1 1 -1 1 1 1 1 1 -1 1 1 1 -1 1 1 -1 1 1 1 
