161325313696493545221823 -1 -1 -1 1 -1 1 1 1 1 1 1 1 -1 1 -1 1 1 -1 1 1 1 -1 -1 -1 1 1 
1623183645214382017244926 -1 -1 -1 1 -1 1 1 1 1 1 1 1 -1 1 1 -1 1 -1 -1 1 1 -1 -1 1 1 1 
16237353920306335204441 -1 -1 -1 1 -1 1 1 1 1 1 1 1 -1 1 1 -1 1 1 -1 1 1 -1 -1 -1 1 1 
16242433445921128442346 -1 -1 -1 1 -1 1 1 1 1 1 1 1 1 -1 -1 1 -1 1 1 -1 1 1 -1 -1 1 1 
16221622165016501622165016 -1 -1 -1 1 -1 1 1 1 1 1 1 1 1 -1 -1 1 1 -1 1 -1 -1 1 -1 1 1 1 
16237131343630931434540 -1 -1 -1 1 -1 1 1 1 1 1 1 1 1 -1 -1 1 1 1 1 -1 -1 1 -1 -1 1 1 
16215391243513261550435 -1 -1 -1 1 -1 1 1 1 1 1 1 1 1 -1 1 -1 -1 1 1 -1 -1 1 -1 1 1 1 
16231403747182647470116 -1 -1 -1 1 -1 1 1 1 1 1 1 1 1 -1 1 -1 1 1 -1 1 -1 1 -1 -1 1 1 
16109274343372569405113 -1 -1 -1 1 -1 1 1 1 1 1 1 1 1 -1 1 1 -1 -1 1 -1 -1 1 -1 1 1 1 
161264451256122411471945 -1 -1 -1 1 -1 1 1 1 1 1 1 1 1 -1 1 1 -1 1 -1 -1 1 1 -1 -1 1 1 
16284522322750462811833 -1 -1 -1 1 -1 1 1 1 1 1 1 1 1 1 -1 1 -1 -1 1 -1 1 -1 -1 1 1 1 
162851343920282422232239 -1 -1 -1 1 -1 1 1 1 1 1 1 1 1 1 -1 1 -1 -1 1 -1 1 1 -1 -1 1 1 
