164247224319317240122441 -1 -1 -1 1 1 -1 1 1 -1 1 -1 -1 1 1 1 -1 1 1 -1 1 1 1 -1 1 1 1 
16445163363034143933516 -1 -1 -1 1 1 -1 1 1 -1 1 -1 -1 1 1 1 -1 1 1 1 -1 1 -1 1 1 1 1 
1636262322140424131141845 -1 -1 -1 1 1 -1 1 1 -1 1 -1 1 -1 -1 1 1 1 1 1 1 1 -1 -1 1 1 1 
16342513250719393722514 -1 -1 -1 1 1 -1 1 1 -1 1 -1 1 -1 1 -1 -1 1 1 1 1 1 1 1 -1 1 1 
16392444503413353063061 -1 -1 -1 1 1 -1 1 1 -1 1 -1 1 -1 1 -1 1 1 -1 1 1 1 1 1 -1 1 1 
164792713269264915312337 -1 -1 -1 1 1 -1 1 1 -1 1 -1 1 1 1 -1 -1 -1 1 1 -1 1 1 1 1 1 1 
16461130338424473224729 -1 -1 -1 1 1 -1 1 1 -1 1 -1 1 1 1 -1 -1 -1 1 1 1 1 1 1 -1 1 1 
165025321128314510821248 -1 -1 -1 1 1 -1 1 1 -1 1 -1 1 1 1 -1 -1 1 -1 1 1 -1 1 1 1 1 1 
16513230171130341923271623 -1 -1 -1 1 1 -1 1 1 -1 1 -1 1 1 1 -1 1 -1 -1 1 1 1 -1 1 1 1 1 
1650443292834454682212 -1 -1 -1 1 1 -1 1 1 -1 1 -1 1 1 1 -1 1 -1 1 1 -1 1 -1 1 1 1 1 
16422971517427437443226 -1 -1 -1 1 1 -1 1 1 -1 1 1 -1 -1 -1 1 1 1 -1 1 -1 1 1 1 1 1 1 
16473244730294623843211 -1 -1 -1 1 1 -1 1 1 -1 1 1 -1 1 -1 1 -1 1 -1 -1 1 1 1 1 1 1 1 
16453642011364253584111 -1 -1 -1 1 1 -1 1 1 -1 1 1 -1 1 -1 1 -1 1 1 1 1 1 -1 -1 1 1 1 
165222154121455143603426 -1 -1 -1 1 1 -1 1 1 -1 1 1 -1 1 1 1 -1 -1 1 -1 1 -1 1 1 1 1 1 
