162041131650313937421715 -1 -1 1 -1 1 -1 -1 1 -1 1 -1 1 -1 1 1 1 1 1 -1 -1 1 1 1 1 1 1 
161245252611474451192416 -1 -1 1 -1 1 -1 -1 1 -1 1 -1 1 -1 1 1 1 1 1 1 1 -1 -1 1 1 1 1 
162313264927374731269159 -1 -1 1 -1 1 -1 -1 1 -1 1 -1 1 1 1 -1 1 -1 -1 1 1 1 1 1 1 1 1 
162839398222351342224220 -1 -1 1 -1 1 -1 -1 1 -1 1 -1 1 1 1 -1 1 1 1 1 -1 -1 1 1 1 1 1 
16214645284443342312249 -1 -1 1 -1 1 -1 -1 1 -1 1 -1 1 1 1 -1 1 1 1 1 1 -1 -1 1 1 1 1 
16125046182283252461719 -1 -1 1 -1 1 -1 -1 1 -1 1 -1 1 1 1 -1 1 1 1 1 1 1 -1 -1 1 1 1 
1632222841184529144401326 -1 -1 1 -1 1 -1 -1 1 -1 1 -1 1 1 1 1 1 -1 1 1 -1 -1 1 1 1 1 1 
163514333153039144332116 -1 -1 1 -1 1 -1 -1 1 -1 1 -1 1 1 1 1 1 -1 1 1 1 1 1 -1 -1 1 1 
16204744372325516113523 -1 -1 1 -1 1 -1 -1 1 -1 1 1 -1 -1 1 1 1 -1 1 1 1 -1 1 1 1 1 1 
16234230142351285134539 -1 -1 1 -1 1 -1 -1 1 -1 1 1 -1 -1 1 1 1 1 -1 1 -1 1 1 1 1 1 1 
16173032364245740712738 -1 -1 1 -1 1 -1 -1 1 -1 1 1 1 -1 -1 1 -1 1 1 1 1 1 1 1 -1 1 1 
16254043409182795131038 -1 -1 1 -1 1 -1 -1 1 -1 1 1 1 -1 -1 1 1 -1 1 1 1 1 1 -1 1 1 1 
16235226122719473926111515 -1 -1 1 -1 1 -1 -1 1 -1 1 1 1 -1 1 -1 1 1 1 1 1 1 -1 -1 1 1 1 
1636394911385222191915112 -1 -1 1 -1 1 -1 -1 1 -1 1 1 1 -1 1 1 -1 1 1 1 -1 1 -1 1 1 1 1 
16343948223211650227429 -1 -1 1 -1 1 -1 -1 1 -1 1 1 1 -1 1 1 1 -1 1 1 1 -1 -1 1 1 1 1 
163035432231251364523236 -1 -1 1 -1 1 -1 -1 1 -1 1 1 1 -1 1 1 1 1 1 -1 -1 1 1 -1 1 1 1 
162143453888431523152428 -1 -1 1 -1 1 -1 -1 1 -1 1 1 1 -1 1 1 1 1 1 -1 1 1 -1 -1 1 1 1 
1610515048014173510342418 -1 -1 1 -1 1 -1 -1 1 -1 1 1 1 -1 1 1 1 1 1 -1 1 1 1 -1 -1 1 1 
