16482934114024232547264 -1 -1 1 -1 1 -1 1 1 1 -1 -1 1 1 1 -1 1 -1 -1 1 1 1 1 1 -1 1 1 
16354534266144422641390 -1 -1 1 -1 1 -1 1 1 1 -1 -1 1 1 1 -1 1 1 1 1 1 -1 -1 1 -1 1 1 
16503625113453736190518 -1 -1 1 -1 1 -1 1 1 1 -1 -1 1 1 1 1 -1 -1 1 -1 1 1 1 1 -1 1 1 
163046481115836272533922 -1 -1 1 -1 1 -1 1 1 1 -1 -1 1 1 1 1 -1 1 1 1 1 -1 1 -1 -1 1 1 
1635515334482041227640 -1 -1 1 -1 1 -1 1 1 1 -1 -1 1 1 1 1 1 1 -1 -1 1 1 -1 1 1 -1 1 
16244737233704461444928 -1 -1 1 -1 1 -1 1 1 1 -1 -1 1 1 1 1 1 1 -1 1 1 -1 1 -1 -1 1 1 
164328843231545382415218 -1 -1 1 -1 1 -1 1 1 1 -1 1 -1 -1 1 -1 1 1 1 1 1 1 -1 -1 1 1 1 
16441932152939135228121811 -1 -1 1 -1 1 -1 1 1 1 -1 1 -1 -1 1 1 1 -1 -1 1 1 1 1 1 1 -1 1 
1647392782623263415242320 -1 -1 1 -1 1 -1 1 1 1 -1 1 1 -1 -1 1 1 1 1 -1 -1 1 1 1 1 -1 1 
16499383936723222501721 -1 -1 1 -1 1 -1 1 1 1 -1 1 1 -1 1 -1 -1 1 1 -1 -1 1 1 1 1 1 1 
16512933157421443044626 -1 -1 1 -1 1 -1 1 1 1 -1 1 1 -1 1 -1 -1 1 1 1 -1 -1 1 1 1 1 1 
16503332828114522846227 -1 -1 1 -1 1 -1 1 1 1 -1 1 1 -1 1 -1 -1 1 1 1 1 1 -1 -1 1 1 1 
164343511810591925482715 -1 -1 1 -1 1 -1 1 1 1 -1 1 1 -1 1 1 1 -1 -1 1 1 1 1 -1 -1 1 1 
164935950452931161814133 -1 -1 1 -1 1 -1 1 1 1 -1 1 1 -1 1 1 1 -1 1 -1 -1 1 -1 1 1 1 1 
