163846281140815273833522 -1 -1 1 -1 1 -1 1 1 -1 -1 1 1 1 -1 1 1 1 1 1 -1 -1 1 -1 1 1 1 
1647394523224371144732 -1 -1 1 -1 1 -1 1 1 -1 -1 1 1 1 1 -1 -1 1 1 -1 1 1 -1 1 1 1 1 
163443432124149121231447 -1 -1 1 -1 1 -1 1 1 -1 -1 1 1 1 1 -1 -1 1 1 1 1 1 -1 1 1 -1 1 
1639436511234162326101339 -1 -1 1 -1 1 -1 1 1 -1 -1 1 1 1 1 1 -1 1 1 -1 -1 1 1 1 1 -1 1 
16453213344941831313944 -1 -1 1 -1 1 -1 1 1 -1 -1 1 1 1 1 1 1 -1 -1 1 -1 1 1 -1 1 1 1 
16174432424215726729743 -1 -1 1 -1 1 -1 1 1 -1 -1 1 1 1 1 1 1 1 -1 1 1 -1 -1 1 1 -1 1 
1626215238381672911103034 -1 -1 1 -1 1 -1 1 1 -1 1 -1 -1 1 1 -1 -1 1 1 1 1 1 1 1 -1 1 1 
16324315142341239102739 -1 -1 1 -1 1 -1 1 1 -1 1 -1 -1 1 1 1 1 1 1 1 -1 -1 1 1 -1 1 1 
16264547264714402214120 -1 -1 1 -1 1 -1 1 1 -1 1 -1 1 1 1 -1 1 1 1 1 1 -1 1 -1 -1 1 1 
16454013374943181331996 -1 -1 1 -1 1 -1 1 1 -1 1 -1 1 1 1 1 1 -1 -1 1 -1 1 1 1 -1 1 1 
