1613472902831321818164437 -1 -1 -1 -1 1 1 -1 1 -1 -1 1 1 -1 1 1 1 -1 1 1 1 1 -1 1 1 1 1 
1624135272051685404433 -1 -1 -1 -1 1 1 -1 1 -1 -1 1 1 -1 1 1 1 -1 1 1 1 1 1 1 -1 1 1 
161912243424340411747222 -1 -1 -1 -1 1 1 -1 1 -1 -1 1 1 1 -1 1 -1 1 -1 1 1 1 1 1 1 1 1 
16943323113127261434226 -1 -1 -1 -1 1 1 -1 1 -1 -1 1 1 1 -1 1 1 1 -1 1 1 1 1 1 -1 1 1 
161350311693491445291835 -1 -1 -1 -1 1 1 -1 1 -1 -1 1 1 1 -1 1 1 1 1 -1 1 1 1 -1 1 1 1 
161048275431825159435119 -1 -1 -1 -1 1 1 -1 1 -1 -1 1 1 1 1 1 -1 1 1 1 -1 1 1 1 -1 1 1 
169181819131545484953143 -1 -1 -1 -1 1 1 -1 1 -1 1 -1 -1 1 1 1 -1 -1 1 1 1 1 1 1 1 1 1 
16620204554535354445210 -1 -1 -1 -1 1 1 -1 1 -1 1 -1 1 -1 -1 1 1 1 -1 1 1 1 1 1 1 1 1 
16534151228463844409382 -1 -1 -1 -1 1 1 -1 1 -1 1 -1 1 -1 -1 1 1 1 1 1 1 1 -1 1 1 1 1 
1618637233935122533362422 -1 -1 -1 -1 1 1 -1 1 -1 1 -1 1 1 -1 -1 1 1 -1 1 1 1 1 1 1 1 1 
1671651163316451635164416 -1 -1 -1 -1 1 1 -1 1 -1 1 -1 1 1 -1 -1 1 1 1 1 1 1 1 1 -1 1 1 
162791537234926947132631 -1 -1 -1 -1 1 1 -1 1 -1 1 -1 1 1 -1 1 1 -1 -1 1 1 1 1 1 1 1 1 
1635167164516441651163316 -1 -1 -1 -1 1 1 -1 1 -1 1 -1 1 1 1 1 -1 -1 1 1 -1 1 1 1 1 1 1 
16114940450104936918530 -1 -1 -1 -1 1 1 -1 1 -1 1 -1 1 1 1 1 -1 1 1 1 1 -1 1 1 -1 1 1 
1632348122462844509452 -1 -1 -1 -1 1 1 -1 1 -1 1 -1 1 1 1 1 1 -1 -1 1 1 1 -1 1 1 1 1 
162236718124946103230464 -1 -1 -1 -1 1 1 -1 1 -1 1 -1 1 1 1 1 1 -1 -1 1 1 1 1 1 -1 1 1 
16172824724474535534928 -1 -1 -1 -1 1 1 -1 1 -1 1 1 -1 -1 1 -1 1 1 1 1 1 1 -1 1 1 1 1 
16184843814717193453843 -1 -1 -1 -1 1 1 -1 1 -1 1 1 -1 -1 1 1 1 1 1 1 -1 1 1 -1 1 1 1 
161710523028364149204518 -1 -1 -1 -1 1 1 -1 1 -1 1 1 -1 1 -1 1 -1 1 1 1 1 1 1 1 -1 1 1 
16372726810332340851941 -1 -1 -1 -1 1 1 -1 1 -1 1 1 1 -1 -1 1 1 1 -1 1 1 -1 1 1 1 1 1 
16173835795020273362742 -1 -1 -1 -1 1 1 -1 1 -1 1 1 1 -1 -1 1 1 1 1 1 1 -1 1 1 -1 1 1 
16418281920525250518171 -1 -1 -1 -1 1 1 -1 1 -1 1 1 1 -1 1 -1 1 1 -1 1 -1 1 1 1 1 1 1 
163164523183592513364922 -1 -1 -1 -1 1 1 -1 1 -1 1 1 1 -1 1 1 -1 -1 1 1 1 1 1 1 -1 1 1 
16440645641342639223514 -1 -1 -1 -1 1 1 -1 1 -1 1 1 1 -1 1 1 1 -1 -1 1 -1 1 1 1 1 1 1 
16952181135045849193118 -1 -1 -1 -1 1 1 -1 1 -1 1 1 1 -1 1 1 1 1 1 1 -1 1 -1 -1 1 1 1 
163614520522344515262141 -1 -1 -1 -1 1 1 -1 1 -1 1 1 1 1 -1 -1 1 1 -1 1 1 1 1 -1 1 1 1 
1644032182937131628311847 -1 -1 -1 -1 1 1 -1 1 -1 1 1 1 1 -1 1 1 -1 -1 1 1 -1 1 1 1 1 1 
