1649381929134381036162221 -1 -1 -1 -1 -1 -1 1 1 -1 1 1 1 1 -1 1 1 -1 1 1 1 -1 1 -1 1 1 1 
163637494738162201918131 -1 -1 -1 -1 -1 -1 1 1 1 -1 1 1 1 -1 1 -1 1 1 1 1 -1 -1 1 1 1 1 
165247110303138182616737 -1 -1 -1 -1 -1 -1 1 1 -1 1 1 1 1 -1 1 1 1 -1 1 -1 1 1 1 -1 1 1 
16374526191046233881952 -1 -1 -1 -1 -1 -1 1 1 1 -1 1 1 -1 1 1 1 -1 1 -1 1 1 1 -1 1 1 1 
16525011513012385265726 -1 -1 -1 -1 -1 -1 1 1 1 1 1 -1 1 1 1 -1 1 -1 1 1 1 1 -1 -1 1 1 
16503243518396104021813 -1 -1 -1 -1 -1 -1 1 1 -1 1 1 1 1 -1 -1 1 1 1 1 1 -1 1 -1 1 1 1 
16503243518396104021813 -1 -1 -1 -1 -1 -1 1 1 1 -1 1 -1 1 1 1 1 1 -1 -1 1 1 1 1 -1 1 1 
164341431421261503453922 -1 -1 -1 -1 -1 -1 1 1 1 1 -1 1 1 1 1 -1 1 1 -1 1 -1 1 -1 1 1 1 
16363747142112114735141524 -1 -1 -1 -1 -1 -1 1 1 1 1 -1 1 1 -1 1 1 -1 1 1 1 -1 1 -1 1 1 1 
16465043739399211591222 -1 -1 -1 -1 -1 -1 1 1 1 1 1 1 -1 1 1 1 -1 1 -1 1 1 -1 -1 1 1 1 
1651503387171447032646 -1 -1 -1 -1 -1 -1 1 -1 1 1 -1 1 1 1 -1 1 1 1 -1 1 -1 1 1 1 1 1 
1651393013111034322351162 -1 -1 -1 -1 -1 -1 1 1 -1 1 -1 1 1 -1 1 1 -1 1 1 1 -1 1 1 1 1 1 
1651393013111034322351162 -1 -1 -1 -1 -1 -1 1 1 1 1 1 -1 1 1 1 -1 1 1 -1 1 1 -1 1 -1 1 1 
1650411049241301710441736 -1 -1 -1 -1 -1 -1 1 1 -1 1 -1 1 1 1 -1 1 -1 1 1 1 1 -1 1 1 1 1 
1651393434221073343443 -1 -1 -1 -1 -1 1 -1 1 -1 -1 1 1 1 1 1 1 -1 1 -1 1 1 -1 1 1 1 1 
164550241352724184936174 -1 -1 -1 -1 -1 1 -1 -1 1 1 -1 1 1 1 1 -1 1 1 -1 1 -1 1 1 1 1 1 
163841381615315372817405 -1 -1 -1 -1 -1 -1 1 1 1 1 -1 1 1 1 -1 1 1 -1 1 1 -1 1 -1 1 1 1 
16514645216382245151931 -1 -1 -1 -1 -1 1 -1 -1 1 1 -1 1 1 1 -1 -1 1 1 1 1 -1 1 1 1 1 1 
16474614621747182684013 -1 -1 -1 -1 -1 1 -1 1 -1 1 1 1 1 1 1 -1 -1 1 1 1 -1 1 1 -1 1 1 
16513534472003233244411 -1 -1 -1 -1 -1 1 -1 1 -1 1 1 -1 1 -1 -1 1 1 1 1 1 -1 1 1 1 1 1 
164041162722511281440733 -1 -1 -1 -1 -1 1 -1 1 -1 1 1 1 -1 -1 1 1 -1 1 1 1 1 -1 1 1 1 1 
16494038636923182281748 -1 -1 -1 -1 -1 1 -1 -1 1 1 1 -1 1 1 1 1 1 -1 1 -1 1 -1 1 1 1 1 
16452824285324749351747 -1 -1 -1 -1 -1 1 -1 1 -1 1 -1 1 1 1 1 -1 1 1 -1 1 1 -1 1 1 1 1 
16422027744441221503124 -1 -1 -1 -1 -1 1 -1 1 1 -1 1 -1 1 1 -1 1 1 1 -1 1 1 1 -1 1 1 1 
163824302326811207395234 -1 -1 -1 -1 -1 1 -1 1 1 -1 1 -1 1 1 1 1 -1 1 -1 1 1 1 -1 1 1 1 
1640505044671824432082 -1 -1 -1 -1 -1 1 -1 1 1 -1 1 1 -1 -1 -1 1 1 1 1 1 -1 1 1 1 1 1 
164347430213115183163937 -1 -1 -1 -1 -1 1 -1 1 -1 1 -1 1 1 -1 1 1 1 -1 -1 1 1 1 1 1 1 1 
164024503761418144347812 -1 -1 -1 -1 -1 1 -1 1 -1 1 1 -1 1 1 -1 1 1 1 1 -1 -1 1 1 1 1 1 
1623513133183014143634216 -1 -1 -1 -1 -1 1 -1 1 1 -1 1 1 1 -1 -1 1 1 1 -1 1 -1 1 1 1 1 1 
164648525242129115210831 -1 -1 -1 -1 -1 1 -1 1 1 -1 1 1 1 1 1 -1 -1 1 1 1 -1 1 1 1 -1 1 
165237112630538252626729 -1 -1 -1 -1 -1 1 -1 1 1 -1 1 1 1 -1 -1 1 1 1 1 1 -1 1 1 1 -1 1 
16363752953134131549219 -1 -1 -1 -1 -1 1 -1 1 -1 1 1 -1 1 1 1 1 -1 1 1 -1 -1 1 1 1 1 1 
16494099453831318181340 -1 -1 -1 -1 -1 1 -1 1 -1 1 1 1 1 1 -1 1 1 1 -1 -1 1 1 1 -1 1 1 
165229153721265263625345 -1 -1 -1 -1 -1 1 -1 1 1 -1 1 1 1 1 1 1 -1 1 -1 1 1 -1 -1 1 1 1 
16284123634030335482332 -1 -1 -1 -1 -1 1 -1 1 1 1 -1 1 1 1 -1 1 1 -1 1 -1 1 1 -1 1 1 1 
16515122522263952122850 -1 -1 -1 -1 -1 -1 1 -1 1 1 1 1 -1 1 -1 1 1 1 -1 1 1 1 -1 1 1 1 
16512933157421443044626 -1 -1 -1 -1 -1 -1 1 1 -1 1 -1 1 1 1 -1 1 1 1 -1 1 1 -1 1 1 1 1 
1647933253414279423743 -1 -1 -1 -1 -1 1 -1 1 1 -1 1 -1 1 1 1 1 -1 1 1 1 -1 1 -1 1 1 1 
1631503913102731181936344 -1 -1 -1 -1 -1 -1 1 1 1 -1 1 1 1 -1 1 1 -1 1 1 -1 1 -1 1 1 1 1 
16395022512122252855126 -1 -1 -1 -1 -1 1 -1 1 -1 1 1 1 -1 -1 1 -1 1 1 1 1 -1 1 1 1 1 1 
163617491338182246194618 -1 -1 -1 -1 -1 1 -1 1 1 1 -1 -1 1 1 1 1 -1 1 1 -1 1 1 -1 1 1 1 
16523746172941831552416 -1 -1 -1 -1 -1 1 1 -1 -1 1 -1 1 -1 1 1 1 -1 -1 1 1 1 1 1 1 1 1 
1648392120181549132036826 -1 -1 -1 -1 -1 -1 1 1 1 -1 1 1 1 -1 1 -1 1 1 1 1 -1 1 1 -1 1 1 
1650414510501138101372017 -1 -1 -1 -1 -1 1 -1 1 1 1 -1 -1 -1 1 1 -1 1 1 1 1 1 1 -1 1 1 1 
164243272741641372143122 -1 -1 -1 -1 -1 1 -1 -1 1 1 1 -1 1 1 -1 1 1 1 -1 1 -1 1 1 1 1 1 
1632461350153219811472217 -1 -1 -1 -1 -1 1 -1 1 -1 1 1 1 1 -1 -1 1 1 1 -1 1 1 -1 1 1 1 1 
1634483740472896418339 -1 -1 -1 -1 -1 -1 1 1 1 1 -1 1 1 1 -1 -1 1 1 1 1 -1 1 -1 1 1 1 
1644105271641471141171610 -1 -1 -1 -1 -1 1 -1 1 1 1 -1 1 1 -1 1 1 1 1 -1 1 1 -1 -1 1 1 1 
164543241654724649111725 -1 -1 -1 -1 -1 1 -1 1 1 1 -1 -1 1 1 1 -1 1 1 -1 1 1 1 1 1 -1 1 
16464343213934931539127 -1 -1 -1 -1 -1 1 -1 1 -1 -1 1 1 1 1 -1 1 1 1 -1 -1 1 1 1 1 1 1 
164518243655024274941713 -1 -1 -1 -1 -1 1 -1 1 1 -1 -1 1 1 1 1 -1 1 1 -1 1 1 1 -1 1 1 1 
1630387295234261038161121 -1 -1 -1 -1 -1 1 1 -1 -1 1 1 1 1 -1 1 1 -1 1 -1 1 1 1 -1 1 1 1 
164910502893040125331135 -1 -1 -1 -1 -1 1 -1 1 1 1 -1 1 1 1 -1 1 1 1 1 -1 1 -1 -1 1 1 1 
164947452524617432416511 -1 -1 -1 -1 -1 1 -1 1 1 -1 -1 1 -1 1 1 1 -1 -1 1 1 1 1 1 1 1 1 
1650444378286940311829 -1 -1 -1 -1 -1 1 -1 1 1 -1 1 1 1 1 1 1 1 -1 -1 1 -1 1 -1 1 1 1 
163049434311013364518230 -1 -1 -1 -1 -1 1 -1 1 1 1 -1 1 -1 -1 1 1 -1 1 1 1 1 -1 1 1 1 1 
164112481850262310544927 -1 -1 -1 -1 -1 1 -1 1 1 1 -1 -1 1 1 1 -1 1 1 1 1 -1 1 -1 1 1 1 
164947183220112124804835 -1 -1 -1 -1 -1 1 -1 1 -1 1 1 1 -1 -1 1 -1 1 1 1 1 1 1 -1 1 1 1 
1631413614422618023451422 -1 -1 -1 -1 -1 1 -1 1 1 1 1 1 -1 1 -1 1 1 -1 1 1 1 -1 -1 1 1 1 
163730411613143351403303 -1 -1 -1 -1 -1 1 -1 1 1 -1 -1 1 1 1 -1 1 1 -1 1 1 -1 1 1 1 1 1 
1644142547412419146123037 -1 -1 -1 -1 -1 1 1 -1 -1 1 1 1 1 -1 1 1 1 1 -1 1 -1 1 -1 1 1 1 
1644400453465162303320 -1 -1 -1 -1 -1 1 -1 1 -1 1 1 -1 1 1 1 -1 -1 1 1 1 1 1 -1 1 1 1 
164337432621515253263929 -1 -1 -1 -1 -1 1 1 -1 1 -1 1 -1 1 -1 -1 1 1 1 1 -1 1 1 1 1 1 1 
16504143198763440111837 -1 -1 -1 -1 -1 1 -1 1 1 1 -1 1 -1 -1 1 1 1 1 1 -1 1 1 1 1 -1 1 
164332401718308195027623 -1 -1 -1 -1 -1 1 -1 1 1 1 -1 1 1 -1 1 1 1 1 -1 -1 1 1 1 1 -1 1 
16462843939694815401218 -1 -1 -1 -1 -1 1 -1 1 1 1 1 1 -1 1 1 1 -1 1 1 -1 1 -1 -1 1 1 1 
163135250302945161314433 -1 -1 -1 -1 -1 1 1 -1 1 -1 1 1 1 1 -1 -1 1 1 1 -1 1 1 1 -1 1 1 
16365152552634515122150 -1 -1 -1 -1 -1 1 -1 1 -1 1 -1 1 1 1 1 -1 1 1 -1 -1 1 1 1 1 1 1 
16491384336272392251742 -1 -1 -1 -1 -1 1 1 -1 1 -1 1 -1 1 1 1 1 1 -1 1 1 1 -1 -1 1 1 1 
16385217242818351423442 -1 -1 -1 -1 -1 1 -1 1 1 1 -1 1 1 1 -1 1 1 -1 1 -1 1 1 1 1 -1 1 
164039378332303441241320 -1 -1 -1 -1 -1 1 1 -1 1 1 1 1 -1 1 1 1 1 -1 -1 1 -1 1 1 1 -1 1 
1639501913342710183136314 -1 -1 -1 -1 -1 1 -1 1 1 1 1 1 1 -1 1 1 -1 1 -1 1 1 -1 -1 1 1 1 
164025372633370541291326 -1 -1 -1 -1 -1 1 -1 1 -1 1 1 1 -1 -1 1 1 1 1 -1 1 1 -1 1 1 1 1 
164251120910292513431851 -1 -1 -1 -1 -1 1 -1 1 -1 1 1 1 1 1 -1 1 -1 1 1 -1 1 1 1 -1 1 1 
161550213031433039134324 -1 -1 -1 -1 -1 1 1 -1 1 1 -1 1 1 1 -1 1 -1 1 -1 1 1 -1 1 1 1 1 
164330433021241513313950 -1 -1 -1 -1 -1 1 -1 1 -1 1 -1 1 1 1 1 -1 1 1 1 -1 -1 1 1 1 1 1 
16342818421735385242142 -1 -1 -1 -1 -1 1 1 -1 -1 1 1 -1 1 1 1 -1 1 -1 1 1 1 -1 1 1 1 1 
16487214318394921203834 -1 -1 -1 -1 -1 1 1 -1 -1 1 1 -1 1 1 1 1 -1 1 1 1 -1 1 -1 1 1 1 
164118442747116155221633 -1 -1 -1 -1 -1 1 -1 1 1 1 -1 1 -1 1 1 -1 1 1 1 1 1 -1 -1 1 1 1 
162741464730122943172163 -1 -1 -1 -1 -1 1 1 1 -1 1 -1 -1 1 1 -1 -1 1 1 1 1 -1 1 1 1 1 1 
161442491432534431291227 -1 -1 -1 -1 -1 1 1 -1 1 1 1 -1 1 -1 1 1 1 -1 -1 1 1 -1 1 1 1 1 
16435043512112155353926 -1 -1 -1 -1 -1 1 1 -1 -1 -1 1 1 1 1 -1 1 -1 1 -1 1 1 1 1 1 1 1 
1649153826361323392201736 -1 -1 -1 -1 -1 1 -1 1 -1 1 1 1 -1 -1 1 1 1 1 1 -1 1 1 -1 1 1 1 
162639528382373411243020 -1 -1 -1 -1 -1 1 1 -1 1 -1 1 1 -1 -1 1 1 1 -1 1 -1 1 1 1 1 1 1 
163033294128402271281151 -1 -1 -1 -1 -1 1 1 -1 -1 1 1 1 1 -1 1 1 1 -1 1 -1 1 -1 1 1 1 1 
1651730371134344123191611 -1 -1 -1 -1 -1 1 1 -1 1 1 1 -1 1 1 1 -1 1 1 1 1 -1 -1 1 -1 1 1 
16334144991314175444736 -1 -1 -1 -1 -1 1 1 -1 1 -1 1 1 -1 1 -1 1 -1 1 1 1 1 1 -1 1 1 1 
16383832407328403492618 -1 -1 -1 -1 -1 1 1 -1 -1 1 -1 1 1 1 -1 1 -1 1 1 -1 1 1 1 1 1 1 
164323432021341539383924 -1 -1 -1 -1 -1 1 1 1 -1 1 -1 -1 1 1 1 -1 1 1 1 1 -1 1 1 1 -1 1 
16425127483214935134118 -1 -1 -1 -1 -1 1 -1 1 1 1 -1 -1 1 1 1 1 -1 -1 1 1 1 1 1 1 -1 1 
1651730371134344123191611 -1 -1 -1 -1 -1 1 1 -1 1 -1 -1 1 1 1 1 -1 1 1 1 -1 1 1 1 -1 1 1 
1625441942115112612294443 -1 -1 -1 -1 -1 1 1 -1 1 -1 1 1 -1 1 -1 1 -1 1 1 1 -1 1 1 1 1 1 
1619491143203546171232425 -1 -1 -1 -1 -1 1 1 -1 1 1 1 1 -1 1 1 -1 -1 1 1 1 -1 1 -1 1 1 1 
1632502830181293044131324 -1 -1 -1 -1 -1 1 1 -1 1 -1 1 1 -1 -1 1 -1 1 1 1 -1 1 1 1 1 1 1 
1634303364445220514006 -1 -1 -1 -1 -1 1 -1 1 1 -1 1 1 -1 1 1 1 1 -1 -1 1 1 1 -1 1 1 1 
1649453820362623242141718 -1 -1 -1 -1 -1 1 1 1 -1 1 -1 1 -1 -1 1 1 1 1 1 1 1 1 -1 -1 1 1 
164323432021341539383924 -1 -1 -1 -1 -1 1 -1 1 1 1 -1 1 1 1 1 -1 1 1 1 -1 -1 1 -1 1 1 1 
16474614621747182684013 -1 -1 -1 -1 -1 1 1 -1 1 1 1 1 1 1 1 -1 -1 1 1 -1 1 -1 1 -1 1 1 
1648152140181949342028813 -1 -1 -1 -1 -1 1 1 -1 1 -1 1 1 1 1 1 -1 1 1 1 -1 -1 1 1 -1 1 1 
1636345221510343815292116 -1 -1 -1 -1 -1 1 -1 1 1 1 1 1 -1 1 1 -1 1 1 1 -1 -1 1 -1 1 1 1 
16224938311994991373613 -1 -1 -1 -1 -1 1 1 1 1 1 1 -1 1 1 -1 1 -1 1 -1 1 1 -1 -1 1 1 1 
1636345221510343815292116 -1 -1 -1 -1 -1 1 1 1 -1 1 -1 -1 1 1 1 -1 1 1 -1 1 1 1 1 1 -1 1 
1640451635221012451445720 -1 -1 -1 -1 -1 1 -1 1 1 -1 1 1 1 1 1 1 -1 -1 1 1 -1 1 -1 1 1 1 
161350311693491445291835 -1 -1 -1 -1 -1 1 1 -1 1 1 1 -1 1 -1 1 -1 1 1 -1 1 1 -1 1 1 1 1 
164024503761418144347812 -1 -1 -1 -1 -1 1 1 -1 -1 1 -1 1 1 1 1 1 -1 1 -1 1 1 -1 1 1 1 1 
16343448733164322214239 -1 -1 -1 -1 -1 1 1 1 1 1 1 -1 1 1 -1 1 1 -1 1 -1 1 -1 1 -1 1 1 
1626414627551782840133 -1 -1 -1 -1 -1 1 1 1 -1 1 -1 1 -1 -1 1 1 -1 1 1 1 1 -1 1 1 1 1 
1638212831401115483825510 -1 -1 -1 -1 -1 1 -1 1 1 1 -1 1 1 -1 1 1 -1 1 1 1 1 -1 -1 1 1 1 
163350133040141300133724 -1 -1 -1 -1 -1 1 1 -1 1 1 1 1 -1 1 -1 1 -1 1 1 1 1 1 -1 -1 1 1 
1646512833185412627740 -1 -1 -1 -1 -1 1 1 -1 1 -1 -1 1 1 -1 1 -1 1 -1 1 1 1 1 1 1 1 1 
16493918222021215087489 -1 -1 -1 -1 1 -1 -1 -1 1 1 -1 1 1 -1 1 1 1 -1 1 -1 1 1 1 1 1 1 
1616324535144325251049217 -1 -1 -1 -1 -1 1 1 1 1 -1 1 1 -1 1 1 1 -1 -1 1 1 -1 1 -1 1 1 1 
16363149938132237199149 -1 -1 -1 -1 -1 1 1 -1 -1 1 1 -1 1 -1 1 1 1 -1 1 -1 1 1 1 1 1 1 
16164734143037511211242314 -1 -1 -1 -1 -1 1 1 1 -1 1 1 -1 1 -1 -1 1 1 1 -1 1 1 1 -1 1 1 1 
16242849281735745352447 -1 -1 -1 -1 -1 1 1 -1 1 -1 1 1 -1 1 -1 1 1 1 -1 1 -1 1 1 1 1 1 
1635515334482041227640 -1 -1 -1 -1 -1 1 1 -1 1 1 1 1 1 -1 1 -1 1 -1 1 1 1 1 -1 -1 1 1 
16484013231331541761048 -1 -1 -1 -1 1 -1 -1 -1 1 1 -1 1 1 1 -1 1 -1 1 1 1 -1 1 1 1 1 1 
163951355134382011251610 -1 -1 -1 -1 -1 1 1 -1 -1 1 1 1 1 1 1 1 -1 1 -1 1 -1 -1 1 1 1 1 
16291741461472050158532 -1 -1 -1 -1 -1 1 1 1 1 -1 -1 1 1 -1 1 1 1 -1 1 1 1 -1 1 -1 1 1 
164519304813432543153118 -1 -1 -1 -1 1 -1 -1 1 -1 1 -1 1 1 1 -1 1 1 1 1 -1 -1 1 1 1 1 1 
164918198146381736132246 -1 -1 -1 -1 -1 1 1 -1 1 -1 1 1 -1 1 1 1 -1 1 1 1 -1 1 1 1 -1 1 
1635412922223620182513329 -1 -1 -1 -1 -1 1 -1 1 -1 1 1 1 -1 -1 1 1 1 -1 1 1 -1 1 1 1 1 1 
1644263225292913262851837 -1 -1 -1 -1 -1 1 1 1 -1 -1 1 -1 1 -1 1 1 1 -1 1 1 1 1 1 -1 1 1 
16493938343621237243173 -1 -1 -1 -1 1 -1 -1 -1 1 1 1 -1 1 1 1 1 1 1 -1 -1 1 -1 1 1 1 1 
165224152321852036393434 -1 -1 -1 -1 -1 1 1 -1 1 -1 1 1 -1 1 -1 1 1 1 1 1 -1 1 1 1 -1 1 
161650297463927213091722 -1 -1 -1 -1 -1 1 1 1 1 -1 1 1 1 -1 1 -1 1 1 -1 -1 1 1 1 -1 1 1 
16461558243829285243815 -1 -1 -1 -1 1 -1 -1 1 -1 1 1 -1 1 1 -1 1 1 1 -1 1 1 1 -1 1 1 1 
1633362012914353122312535 -1 -1 -1 -1 -1 1 1 -1 1 1 -1 1 -1 1 -1 1 1 1 -1 1 1 1 1 -1 1 1 
1635373641111115194734217 -1 -1 -1 -1 -1 1 1 1 -1 1 -1 -1 1 -1 1 1 -1 1 1 1 1 1 -1 1 1 1 
1644322517413019196273023 -1 -1 -1 -1 -1 1 -1 1 -1 1 1 1 1 -1 1 1 1 1 -1 -1 1 1 -1 1 1 1 
165217151321185463646348 -1 -1 -1 -1 1 -1 -1 1 -1 1 -1 1 1 1 1 1 -1 1 1 -1 1 1 -1 1 1 1 
165120445164522351545310 -1 -1 -1 -1 1 -1 -1 1 -1 1 1 1 1 1 -1 1 1 1 -1 1 1 -1 -1 1 1 1 
164947124312343214123441 -1 -1 -1 -1 -1 1 1 -1 1 1 1 1 1 1 1 -1 1 -1 1 -1 1 -1 -1 1 1 1 
16342643181224494512201414 -1 -1 -1 -1 -1 1 1 -1 1 1 1 1 -1 1 1 1 -1 1 1 -1 -1 1 -1 1 1 1 
164811223542243473432160 -1 -1 -1 -1 -1 1 -1 1 1 -1 1 1 -1 1 1 1 -1 1 1 1 1 -1 -1 1 1 1 
162828384351540383815158 -1 -1 -1 -1 -1 1 1 1 -1 1 1 1 1 -1 1 1 -1 1 1 -1 -1 1 -1 1 1 1 
162745019204616381513552 -1 -1 -1 -1 1 -1 -1 1 1 -1 1 1 1 -1 1 -1 1 -1 1 1 1 1 -1 1 1 1 
16341343361239491512261420 -1 -1 -1 -1 -1 1 1 1 -1 -1 1 -1 1 1 -1 1 1 1 -1 1 1 1 -1 1 1 1 
1631273941018315019133436 -1 -1 -1 -1 -1 1 -1 1 1 1 -1 1 -1 1 1 -1 1 1 1 -1 1 1 -1 1 1 1 
16502849641145523204822 -1 -1 -1 -1 1 -1 -1 1 -1 1 -1 1 -1 1 1 1 1 -1 -1 1 1 1 1 1 1 1 
162151262021109259432651 -1 -1 -1 -1 -1 1 1 1 1 -1 1 -1 1 1 -1 1 -1 1 1 1 -1 1 1 1 -1 1 
162825392622375152229226 -1 -1 -1 -1 1 -1 -1 1 1 1 -1 1 1 1 -1 1 1 1 -1 1 -1 -1 1 1 1 1 
1619234132627251730194430 -1 -1 -1 -1 -1 1 1 1 -1 1 1 -1 1 -1 1 1 -1 1 1 1 -1 1 -1 1 1 1 
162151262021109259432651 -1 -1 -1 -1 -1 1 -1 1 1 1 -1 1 1 1 -1 1 -1 1 1 -1 1 -1 1 1 1 1 
16364536836136173619367 -1 -1 -1 -1 1 -1 -1 1 -1 1 -1 1 1 1 1 1 -1 -1 1 1 -1 1 1 1 1 1 
164236113940293913261846 -1 -1 -1 -1 1 -1 -1 1 1 -1 1 1 1 -1 1 -1 1 1 1 -1 1 1 1 1 -1 1 
161946364622171184983813 -1 -1 -1 -1 1 -1 -1 1 1 1 1 1 -1 1 -1 -1 1 1 1 1 -1 1 -1 1 1 1 
1619234132627251730194430 -1 -1 -1 -1 -1 1 1 1 -1 1 -1 1 1 1 -1 1 1 -1 1 -1 1 1 -1 1 1 1 
164345126142012303464940 -1 -1 -1 -1 -1 1 -1 1 1 1 -1 1 1 1 1 -1 1 -1 1 1 -1 1 1 1 -1 1 
16522846432915838515248 -1 -1 -1 -1 -1 1 -1 1 1 1 1 1 1 -1 1 1 -1 1 1 1 -1 -1 -1 1 1 1 
164832212418354902011847 -1 -1 -1 -1 -1 1 -1 -1 1 1 1 -1 1 1 1 -1 1 1 1 -1 1 -1 1 1 1 1 
16305133955123422314284 -1 -1 -1 -1 1 -1 -1 1 -1 1 1 1 1 1 -1 -1 1 1 -1 1 1 1 -1 1 1 1 
162136261321409399262646 -1 -1 -1 -1 1 -1 -1 1 1 1 1 -1 1 -1 1 -1 1 1 1 -1 1 1 -1 1 1 1 
163925354335181011511620 -1 -1 -1 -1 1 -1 -1 1 1 1 1 1 1 -1 -1 1 1 1 1 -1 1 -1 1 -1 1 1 
163434332844152195113040 -1 -1 -1 -1 -1 1 -1 1 1 1 -1 1 -1 1 1 1 1 -1 -1 1 1 1 1 -1 1 1 
1647513510151321236391132 -1 -1 -1 -1 -1 1 1 -1 1 -1 1 -1 -1 1 1 -1 1 -1 1 1 1 1 1 1 1 1 
1629312514331223535362031 -1 -1 -1 -1 -1 1 1 -1 1 1 -1 1 -1 1 1 1 -1 1 -1 1 1 1 1 -1 1 1 
16363036236303630362362 -1 -1 -1 -1 -1 1 -1 1 1 1 1 -1 -1 1 1 1 -1 1 1 1 -1 1 1 -1 1 1 
1633242045292535322232519 -1 -1 -1 -1 -1 1 1 -1 -1 1 1 1 -1 1 -1 1 1 1 -1 1 1 -1 1 1 1 1 
1649445032934034531114 -1 -1 -1 -1 -1 1 -1 1 -1 -1 1 1 1 1 1 1 -1 1 1 -1 -1 1 1 1 1 1 
163646524651734181582113 -1 -1 -1 -1 1 -1 -1 1 1 1 -1 1 -1 -1 -1 1 1 1 1 1 -1 1 1 1 1 1 
16365017749392212393822 -1 -1 -1 -1 1 -1 -1 1 1 1 1 1 1 -1 1 -1 1 -1 1 1 1 1 -1 -1 1 1 
164851116313415297501020 -1 -1 -1 -1 1 -1 -1 1 1 1 1 1 1 1 1 -1 -1 1 1 -1 1 -1 1 -1 1 1 
16275120435421751939314 -1 -1 -1 -1 1 -1 -1 1 1 -1 1 -1 1 1 1 -1 -1 1 1 -1 1 1 1 1 1 1 
1615364615920122643393913 -1 -1 -1 -1 -1 1 1 -1 1 1 1 -1 1 -1 1 1 -1 1 1 -1 1 -1 1 1 1 1 
1625453532201933329252224 -1 -1 -1 -1 -1 1 -1 1 1 1 1 -1 1 1 -1 -1 1 1 1 1 -1 1 -1 1 1 1 
1634213794750939422337 -1 -1 -1 -1 1 -1 -1 1 1 1 -1 1 -1 -1 1 1 1 1 -1 1 1 1 -1 1 1 1 
162418493617505274542413 -1 -1 -1 -1 -1 1 1 1 -1 -1 1 1 -1 1 -1 1 1 1 -1 1 1 -1 1 1 1 1 
1634433324441212513047 -1 -1 -1 -1 -1 1 -1 1 -1 1 1 1 -1 1 1 1 1 -1 -1 1 1 -1 1 1 1 1 
1647923726491940134731 -1 -1 -1 -1 1 -1 1 -1 1 -1 1 1 1 1 -1 1 1 -1 1 1 1 1 -1 -1 1 1 
1651342221221039382292816 -1 -1 -1 -1 -1 1 1 -1 -1 1 1 1 1 1 1 1 -1 1 -1 1 -1 1 1 -1 1 1 
16303023231619113251173427 -1 -1 -1 -1 1 -1 1 -1 -1 1 1 -1 1 1 1 -1 1 -1 1 1 -1 1 1 1 1 1 
1615472232325011171946138 -1 -1 -1 -1 1 -1 -1 1 1 1 1 -1 1 1 -1 -1 1 1 1 -1 1 -1 1 1 1 1 
164981934120382436232239 -1 -1 -1 -1 -1 1 1 -1 1 -1 1 -1 1 1 1 -1 1 1 1 1 -1 1 1 -1 1 1 
163629493738262226192515 -1 -1 -1 -1 1 -1 -1 1 1 1 1 -1 -1 -1 1 1 1 1 1 -1 1 1 1 -1 1 1 
16473514344513314918548 -1 -1 -1 -1 1 -1 -1 -1 1 1 -1 1 1 1 -1 1 1 1 -1 1 -1 1 1 1 1 1 
163817301326181146746528 -1 -1 -1 -1 1 -1 1 -1 1 1 -1 1 -1 -1 1 1 1 1 1 -1 1 1 1 -1 1 1 
1640947131947492312637 -1 -1 -1 -1 1 -1 1 -1 1 -1 -1 1 1 -1 1 1 1 -1 1 1 -1 1 1 1 1 1 
165213114630838462618717 -1 -1 -1 -1 -1 1 1 -1 -1 1 1 1 -1 1 -1 1 1 1 1 1 -1 1 1 -1 1 1 
16255064430741244420192 -1 -1 -1 -1 -1 1 1 -1 1 1 -1 1 -1 1 1 -1 -1 1 1 1 1 1 -1 1 1 1 
163629324718221492292324 -1 -1 -1 -1 1 -1 -1 1 1 1 1 1 1 -1 1 -1 1 1 1 -1 1 -1 -1 1 1 1 
165033201850213273815451 -1 -1 -1 -1 1 -1 -1 1 -1 1 1 1 -1 1 1 1 1 -1 -1 1 1 1 1 1 -1 1 
163829132214710244829149 -1 -1 -1 -1 1 -1 -1 1 1 1 1 -1 1 1 -1 1 1 1 -1 1 -1 1 1 1 -1 1 
1613412914282632018454422 -1 -1 -1 -1 -1 1 1 1 -1 1 1 -1 1 -1 1 1 -1 1 -1 1 1 1 -1 1 1 1 
162282817514621339462218 -1 -1 -1 -1 1 -1 1 1 -1 1 1 -1 1 -1 1 1 1 -1 1 1 1 -1 -1 1 1 1 
16489212518149272042843 -1 -1 -1 -1 1 -1 1 -1 1 -1 1 1 -1 -1 1 1 1 1 1 1 -1 1 1 -1 1 1 
1627372114311244742144124 -1 -1 -1 -1 1 -1 -1 1 1 1 1 1 -1 1 1 -1 1 1 -1 1 -1 1 -1 1 1 1 
16474716241115241629443 -1 -1 -1 -1 1 -1 -1 1 -1 1 1 1 -1 1 1 1 -1 -1 1 1 1 1 1 1 -1 1 
16194441246225203074450 -1 -1 -1 -1 -1 1 1 -1 1 1 -1 1 1 1 1 -1 1 -1 1 -1 1 -1 1 1 1 1 
1651223043114342723371616 -1 -1 -1 -1 1 -1 1 -1 -1 -1 1 1 1 -1 1 1 -1 1 1 -1 1 1 1 1 1 1 
16222640392436192042131715 -1 -1 -1 -1 -1 1 1 1 -1 1 1 -1 1 1 1 1 -1 -1 1 1 -1 1 -1 1 1 1 
16242837293794444147931 -1 -1 -1 -1 -1 1 1 -1 1 1 -1 -1 1 1 1 -1 1 -1 1 1 1 -1 1 1 1 1 
164371243143912213434934 -1 -1 -1 -1 1 -1 1 -1 1 -1 1 1 1 1 -1 1 1 1 1 -1 -1 1 1 -1 1 1 
1643293103921211643341538 -1 -1 -1 -1 1 -1 -1 1 -1 1 1 1 1 -1 1 1 1 -1 1 -1 1 1 1 -1 1 1 
161448494043283461218129 -1 -1 -1 -1 -1 1 1 1 -1 1 1 -1 1 1 1 1 -1 -1 -1 1 1 1 -1 1 1 1 
164126402200134137143345 -1 -1 -1 -1 1 -1 1 1 -1 -1 1 -1 1 1 1 -1 1 -1 1 1 1 1 1 1 -1 1 
164639173416213072743293 -1 -1 -1 -1 1 -1 -1 1 1 1 -1 1 -1 -1 1 1 1 1 -1 1 1 1 1 1 -1 1 
162818391622475131223720 -1 -1 -1 -1 1 -1 1 1 -1 -1 1 1 1 1 1 -1 1 1 -1 -1 1 1 1 -1 1 1 
163751910241314244393732 -1 -1 -1 -1 1 -1 -1 1 -1 1 1 1 1 -1 1 -1 1 -1 1 1 1 1 1 -1 1 1 
1620264818492484521201814 -1 -1 -1 -1 1 -1 -1 1 1 1 1 -1 -1 1 1 -1 1 1 1 -1 1 -1 1 1 1 1 
163148253018451513434319 -1 -1 -1 -1 1 -1 1 1 -1 1 1 1 -1 -1 1 1 -1 1 1 1 1 1 -1 1 -1 1 
1631233620423418392381424 -1 -1 -1 -1 1 -1 -1 1 1 1 1 1 -1 1 -1 1 1 1 -1 1 1 -1 -1 1 1 1 
1632103428263071238332835 -1 -1 -1 -1 1 -1 1 -1 1 -1 1 1 -1 -1 1 1 1 1 -1 1 1 -1 1 1 1 1 
1620324351943122546491117 -1 -1 -1 -1 1 -1 1 1 -1 1 1 1 1 -1 -1 1 1 -1 1 1 1 -1 1 -1 1 1 
1650202075051393854551 -1 -1 -1 -1 1 -1 -1 1 1 1 1 1 -1 1 1 1 1 -1 1 -1 1 -1 1 -1 1 1 
1613412914282632018454422 -1 -1 -1 -1 -1 1 1 1 -1 1 1 1 -1 1 -1 1 1 -1 1 -1 1 1 -1 1 1 1 
1649350189404038540119 -1 -1 -1 -1 1 -1 -1 1 1 -1 -1 1 1 -1 1 1 1 1 1 -1 1 -1 1 1 1 1 
16363752953134131549219 -1 -1 -1 -1 1 -1 1 1 1 -1 -1 1 -1 -1 1 1 1 1 1 1 1 -1 1 -1 1 1 
16511430471124341423121637 -1 -1 -1 -1 1 -1 1 -1 -1 -1 1 1 1 -1 1 1 1 -1 1 1 -1 1 1 1 1 1 
1619503113312734183936104 -1 -1 -1 -1 -1 1 1 1 -1 1 1 1 1 -1 1 1 -1 1 -1 -1 1 1 -1 1 1 1 
1644515220165477419165 -1 -1 -1 -1 1 -1 -1 1 1 -1 1 1 1 1 1 1 1 -1 1 -1 -1 -1 1 1 1 1 
163043192725164437414622 -1 -1 -1 -1 1 -1 1 1 1 -1 1 -1 -1 1 1 -1 1 1 1 1 1 1 -1 -1 1 1 
16486554922502041142328 -1 -1 -1 -1 1 -1 1 -1 1 1 1 -1 1 1 1 1 -1 1 1 -1 1 1 -1 -1 1 1 
164943451624471762411525 -1 -1 -1 -1 1 -1 -1 1 1 1 -1 -1 -1 1 -1 1 1 1 -1 1 1 1 1 1 1 1 
161421499435034391222127 -1 -1 -1 -1 1 -1 1 1 1 -1 1 1 -1 -1 1 1 1 1 -1 -1 1 1 1 -1 1 1 
1628471849192462924221729 -1 -1 -1 -1 1 -1 -1 1 -1 1 1 1 -1 1 -1 1 1 1 -1 -1 1 1 1 1 1 1 
1644142547412419146123037 -1 -1 -1 -1 1 -1 1 -1 1 1 1 1 1 -1 1 1 1 -1 1 1 -1 -1 -1 1 1 1 
16252535112031331029212248 -1 -1 -1 -1 1 -1 -1 1 1 1 -1 1 -1 1 -1 1 1 1 -1 1 1 -1 1 1 1 1 
16504202950471311383452 -1 -1 -1 -1 1 -1 1 1 1 -1 1 1 -1 1 1 1 1 -1 1 1 1 -1 -1 -1 1 1 
16364536836136173619367 -1 -1 -1 -1 1 -1 1 -1 -1 1 1 1 1 1 1 1 -1 -1 1 -1 1 1 1 -1 1 1 
163514333153039144332116 -1 -1 -1 -1 1 -1 1 1 1 -1 1 1 1 -1 -1 1 1 -1 1 -1 -1 1 1 1 1 1 
163050234416711245120342 -1 -1 -1 -1 1 -1 1 -1 -1 1 1 1 1 1 -1 -1 1 -1 1 1 1 1 1 -1 1 1 
1631334530182893513104912 -1 -1 -1 -1 1 -1 1 -1 1 -1 -1 1 1 1 1 -1 -1 1 1 -1 1 1 1 1 1 1 
1618104928313013129334535 -1 -1 -1 -1 1 -1 1 1 -1 1 1 1 -1 -1 1 1 1 1 -1 1 -1 1 -1 1 1 1 
16443137281473729944249 -1 -1 -1 -1 1 -1 1 -1 1 1 -1 -1 1 -1 -1 1 1 1 1 1 1 -1 1 1 1 1 
1639181936345010273143113 -1 -1 -1 -1 1 -1 1 -1 1 1 1 1 1 -1 -1 1 1 1 1 -1 1 1 -1 -1 1 1 
1694744143737241237241414 -1 -1 -1 -1 1 -1 1 1 1 1 1 -1 1 -1 -1 1 1 -1 1 1 1 -1 -1 1 1 1 
1644373714141237479142424 -1 -1 -1 -1 1 -1 1 -1 1 -1 -1 1 1 -1 1 1 -1 -1 1 1 1 1 1 1 1 1 
16222640392436192042131715 -1 -1 -1 -1 -1 1 1 1 -1 1 -1 1 1 -1 -1 1 1 1 1 -1 1 1 -1 1 1 1 
16242837293794444147931 -1 -1 -1 -1 -1 1 1 1 1 -1 1 1 1 -1 1 -1 1 1 1 -1 -1 1 1 -1 1 1 
16404501662718224343837 -1 -1 -1 -1 1 -1 1 1 -1 -1 1 -1 1 -1 1 1 1 1 1 -1 1 1 -1 1 1 1 
16503555011299164914403 -1 -1 -1 -1 1 -1 1 1 1 -1 1 1 1 1 -1 -1 1 1 1 1 1 -1 1 -1 -1 1 
16274820403561732941333 -1 -1 -1 -1 1 -1 1 -1 1 1 1 1 1 -1 1 -1 -1 1 1 1 1 1 -1 -1 1 1 
16122794243946139431525 -1 -1 -1 -1 1 1 -1 -1 1 1 1 -1 1 -1 1 -1 1 1 -1 1 1 -1 1 1 1 1 
16405091653501411294935 -1 -1 -1 -1 1 -1 1 1 -1 -1 1 1 -1 1 -1 1 -1 1 1 1 1 1 1 1 -1 1 
164313434621815463183917 -1 -1 -1 -1 1 -1 1 -1 1 -1 -1 1 1 1 1 1 -1 -1 1 1 1 1 1 -1 1 1 
16385232175028834192618 -1 -1 -1 -1 1 -1 -1 1 -1 1 -1 1 1 1 -1 1 1 -1 -1 1 1 1 1 1 1 1 
16212020408301845486496 -1 -1 -1 -1 1 -1 1 1 -1 -1 1 1 -1 1 1 -1 1 -1 1 1 1 -1 1 1 1 1 
162350303423162820351529 -1 -1 -1 -1 1 -1 1 -1 1 1 1 1 1 -1 1 1 1 -1 -1 1 -1 -1 1 1 1 1 
1612471432341112244904335 -1 -1 -1 -1 1 -1 1 1 1 1 -1 1 1 1 -1 1 -1 -1 1 1 -1 1 -1 1 1 1 
16453213344941831313944 -1 -1 -1 -1 1 -1 -1 -1 1 1 1 -1 1 -1 1 1 1 -1 1 1 -1 1 1 1 1 1 
164639173416213072743293 -1 -1 -1 -1 1 1 -1 1 -1 1 -1 -1 1 -1 -1 1 1 1 1 1 1 1 -1 1 1 1 
16303616152720172629394613 -1 -1 -1 -1 1 -1 1 1 -1 1 -1 1 -1 -1 1 1 -1 1 1 1 1 1 -1 1 1 1 
16362363036236236303630 -1 -1 -1 -1 1 1 -1 -1 1 -1 1 -1 1 -1 1 1 1 1 -1 1 1 -1 1 1 1 1 
16403642151720242622391913 -1 -1 -1 -1 1 -1 -1 1 -1 1 -1 1 1 1 1 1 -1 1 1 -1 -1 1 1 1 1 1 
1610345014048171810512435 -1 -1 -1 -1 1 -1 1 1 1 -1 1 -1 1 -1 -1 1 1 1 -1 1 1 -1 1 1 1 1 
16481821281840499204886 -1 -1 -1 -1 1 -1 1 1 -1 -1 1 1 -1 -1 1 1 1 1 1 1 1 -1 1 -1 1 1 
16452342382813518421742 -1 -1 -1 -1 1 -1 1 1 1 1 -1 1 -1 -1 1 1 -1 1 -1 1 1 1 -1 1 1 1 
16431512401419123434284913 -1 -1 -1 -1 1 -1 -1 1 -1 1 1 1 -1 1 -1 1 1 1 1 -1 1 1 -1 1 1 1 
163829323716283534502614 -1 -1 -1 -1 1 1 -1 1 -1 1 -1 -1 1 1 -1 1 1 -1 1 1 1 1 1 1 -1 1 
1621274230411731232732419 -1 -1 -1 -1 1 1 -1 -1 1 1 -1 1 1 1 1 1 -1 1 -1 1 -1 -1 1 1 1 1 
163526114016133463936839 -1 -1 -1 -1 1 -1 -1 1 -1 1 1 1 -1 1 -1 1 1 1 -1 1 1 -1 1 1 1 1 
162234282451392233920228 -1 -1 -1 -1 1 -1 1 1 1 1 -1 -1 1 -1 1 1 1 -1 1 1 1 1 -1 -1 1 1 
1624141718503510510481034 -1 -1 -1 -1 1 -1 1 1 -1 1 1 1 -1 1 1 1 -1 1 -1 1 1 -1 -1 1 1 1 
1623133111830142436504230 -1 -1 -1 -1 1 -1 1 1 -1 1 -1 1 1 -1 1 1 1 -1 1 -1 1 1 1 -1 1 1 
163135250302945161314433 -1 -1 -1 -1 1 1 -1 -1 1 1 -1 1 -1 1 -1 -1 1 1 1 1 1 1 -1 1 1 1 
162238714045144612521619 -1 -1 -1 -1 1 -1 -1 1 1 1 -1 1 1 -1 1 1 -1 1 -1 1 1 1 -1 1 1 1 
16462753324462985222811 -1 -1 -1 -1 1 1 -1 1 -1 1 -1 -1 1 1 -1 1 1 1 1 1 1 1 -1 -1 1 1 
163529350275193417202016 -1 -1 -1 -1 1 1 -1 -1 1 1 1 1 1 1 1 -1 -1 1 1 -1 1 -1 1 -1 1 1 
164739332034154139363726 -1 -1 -1 -1 1 -1 1 1 -1 1 1 1 1 1 1 1 -1 -1 -1 1 1 1 -1 1 -1 1 
163048164027281762918469 -1 -1 -1 -1 1 -1 1 -1 1 1 1 1 1 1 -1 -1 1 -1 1 1 1 1 -1 -1 1 1 
163018785246261738131146 -1 -1 -1 -1 1 1 -1 -1 1 1 1 -1 1 1 1 -1 1 -1 1 1 1 -1 1 1 -1 1 
162943309174246251627271 -1 -1 -1 -1 1 -1 1 1 1 -1 -1 1 -1 -1 1 1 1 -1 1 1 1 1 1 -1 1 1 
161916412263725433027444 -1 -1 -1 -1 1 1 -1 1 1 1 -1 1 1 1 -1 1 1 -1 1 -1 -1 1 -1 1 1 1 
163827383315465828224011 -1 -1 -1 -1 1 1 -1 1 -1 1 1 1 1 1 1 -1 1 1 -1 -1 -1 1 1 1 -1 1 
164411377141937379412434 -1 -1 -1 -1 1 -1 1 1 -1 -1 1 -1 1 1 1 -1 1 1 1 -1 1 1 1 1 -1 1 
1613441613649393612412617 -1 -1 -1 -1 1 -1 1 1 1 1 -1 1 1 -1 -1 1 1 -1 1 1 1 -1 1 -1 1 1 
162344517342816930311129 -1 -1 -1 -1 1 -1 1 1 1 -1 1 -1 -1 -1 1 1 1 1 -1 1 1 1 1 -1 1 1 
16349335174917493351735 -1 -1 -1 -1 1 1 -1 1 1 -1 1 1 1 -1 -1 1 -1 1 -1 1 1 1 -1 1 1 1 
161516363134021375247518 -1 -1 -1 -1 1 1 -1 1 -1 1 1 -1 -1 1 -1 1 1 1 -1 1 1 -1 1 1 1 1 
16493184120221478434812 -1 -1 -1 -1 1 -1 1 1 -1 -1 1 1 1 1 1 -1 1 1 1 -1 1 -1 1 1 -1 1 
163646524651734181582113 -1 -1 -1 -1 1 1 1 -1 1 -1 -1 -1 1 1 -1 -1 1 -1 1 1 1 1 1 1 1 1 
1627324624303529017111647 -1 -1 -1 -1 1 1 -1 -1 -1 1 1 -1 1 1 1 -1 1 -1 1 -1 1 1 1 1 1 1 
1615452710163535200452045 -1 -1 -1 -1 1 -1 1 1 1 -1 1 -1 1 1 1 -1 -1 1 1 -1 1 1 1 1 -1 1 
16271546403019293417281613 -1 -1 -1 -1 1 1 -1 1 1 1 1 1 -1 1 -1 1 1 1 -1 -1 1 -1 -1 1 1 1 
1674617507327832474217 -1 -1 -1 -1 1 -1 1 1 -1 1 1 1 1 -1 -1 1 1 -1 1 -1 1 -1 1 1 1 1 
1639501913342710183136314 -1 -1 -1 -1 1 1 1 -1 -1 1 -1 1 -1 -1 1 1 -1 1 1 1 1 1 1 1 -1 1 
16324434322637343831284 -1 -1 -1 -1 1 1 1 -1 1 -1 -1 1 -1 -1 1 1 1 1 1 1 1 -1 1 -1 1 1 
1628334414131618332302951 -1 -1 -1 -1 1 -1 1 1 1 1 1 -1 1 -1 1 -1 1 1 1 1 -1 1 -1 -1 1 1 
163939352633684011461613 -1 -1 -1 -1 1 1 1 -1 -1 1 -1 -1 1 1 -1 1 -1 1 1 1 1 1 1 1 -1 1 
16213920348211874843493 -1 -1 -1 -1 1 1 -1 1 1 1 1 1 -1 1 -1 1 1 -1 1 -1 -1 1 1 1 -1 1 
163829303726261126725525 -1 -1 -1 -1 1 -1 1 1 1 -1 1 1 1 1 1 1 -1 -1 1 -1 1 -1 -1 1 1 1 
16195136522261549123850 -1 -1 -1 -1 1 1 1 -1 1 -1 1 -1 -1 1 1 -1 1 -1 1 1 1 1 1 1 -1 1 
1649505018984052511119 -1 -1 -1 -1 1 1 1 -1 1 -1 -1 -1 1 -1 -1 1 1 -1 1 1 1 1 1 1 1 1 
165044926411852723124810 -1 -1 -1 -1 1 1 -1 -1 -1 1 -1 1 -1 1 1 1 1 -1 1 1 -1 1 1 1 1 1 
1647733433439421933734 -1 -1 -1 -1 1 1 1 -1 -1 1 1 1 1 1 1 1 -1 -1 1 1 -1 1 -1 1 -1 1 
163529364411311574792128 -1 -1 -1 -1 1 1 1 -1 1 -1 -1 -1 1 1 1 -1 1 1 1 1 1 -1 1 1 -1 1 
164137304444361619222527 -1 -1 -1 -1 1 -1 -1 1 1 1 1 -1 1 -1 1 -1 1 1 1 1 1 1 -1 -1 1 1 
16292030241718461416262745 -1 -1 -1 -1 1 1 1 1 1 -1 1 1 -1 1 1 1 -1 -1 1 1 -1 1 -1 1 -1 1 
16424116474812344332223 -1 -1 -1 -1 1 1 -1 -1 1 1 -1 1 -1 -1 -1 1 1 1 1 1 1 1 -1 1 1 1 
163920153943244382134323 -1 -1 -1 -1 1 1 -1 -1 1 1 -1 -1 1 -1 1 -1 1 1 1 1 1 -1 1 1 1 1 
1636523291425423731261826 -1 -1 -1 -1 1 -1 1 1 1 -1 1 -1 1 1 1 1 -1 1 1 -1 1 1 -1 -1 1 1 
1626215238381672911103034 -1 -1 -1 -1 1 -1 -1 1 1 1 1 1 -1 -1 1 1 1 1 -1 1 -1 1 -1 1 1 1 
1630387295234261038161121 -1 -1 -1 -1 1 1 -1 -1 1 1 1 -1 -1 1 -1 1 1 1 -1 1 1 1 1 1 -1 1 
169452345264537101020835 -1 -1 -1 -1 1 1 1 1 1 1 -1 -1 1 1 -1 1 -1 1 -1 1 1 1 -1 -1 1 1 
164620174016303045276296 -1 -1 -1 -1 1 1 -1 -1 1 1 -1 1 -1 -1 1 1 1 1 1 1 -1 1 1 1 -1 1 
164620174016303045276296 -1 -1 -1 -1 1 -1 1 1 1 -1 1 1 1 1 1 1 -1 -1 1 -1 1 1 -1 -1 1 1 
164943122112344331439347 -1 -1 -1 1 -1 -1 -1 1 -1 -1 1 1 1 1 -1 1 -1 1 1 -1 1 1 1 1 1 1 
1639271943418105031133136 -1 -1 -1 -1 1 -1 1 1 -1 -1 1 1 -1 1 -1 1 1 1 -1 1 1 1 1 1 -1 1 
1619183136315034273941013 -1 -1 -1 -1 1 1 -1 1 1 -1 -1 1 1 1 1 -1 -1 1 1 1 -1 1 1 1 -1 1 
16243553492824471728457 -1 -1 -1 1 -1 -1 1 -1 1 1 1 1 1 -1 1 1 -1 -1 1 1 1 -1 1 -1 1 1 
16492845282431772435547 -1 -1 -1 -1 1 1 1 1 -1 1 1 1 1 1 1 -1 1 -1 -1 -1 1 -1 1 -1 1 1 
1615184645914122043243926 -1 -1 -1 1 -1 -1 1 -1 1 1 1 -1 1 -1 1 1 1 1 -1 -1 1 -1 1 1 1 1 
16344048453616622304220 -1 -1 -1 -1 1 -1 1 1 -1 1 -1 1 -1 -1 -1 1 1 1 1 1 -1 1 1 1 1 1 
16492845282431772435547 -1 -1 -1 -1 1 1 -1 1 -1 1 -1 -1 -1 1 -1 1 1 1 1 1 1 -1 1 1 1 1 
1639451220462615249144318 -1 -1 -1 1 -1 -1 1 1 1 -1 -1 -1 1 1 -1 1 -1 1 1 1 1 1 1 1 -1 1 
1626183951163413486351214 -1 -1 -1 -1 1 1 1 1 1 -1 1 1 1 -1 1 1 -1 -1 1 -1 1 -1 -1 1 1 1 
1613232920283432391884424 -1 -1 -1 -1 1 -1 1 1 -1 1 1 1 -1 1 -1 1 1 1 -1 -1 1 1 -1 1 1 1 
163926152543294326215337 -1 -1 -1 1 -1 -1 -1 1 -1 1 1 1 -1 1 1 1 1 -1 1 1 -1 -1 1 1 1 1 
161529213732643263925435 -1 -1 -1 1 -1 1 -1 1 1 -1 1 1 -1 -1 -1 1 1 1 1 1 -1 1 1 -1 1 1 
16496181820482128894840 -1 -1 -1 -1 1 -1 1 -1 1 -1 -1 1 1 -1 1 1 1 -1 1 1 1 1 -1 1 1 1 
163837304726161107185231 -1 -1 -1 -1 1 1 1 -1 -1 -1 1 1 -1 1 -1 1 -1 1 1 1 1 1 1 1 -1 1 
1626183951163413486351214 -1 -1 -1 -1 1 1 1 -1 -1 1 -1 1 -1 -1 1 1 -1 1 1 1 -1 1 1 1 1 1 
163018785246261738131146 -1 -1 -1 -1 1 -1 1 1 -1 1 1 1 -1 1 -1 1 1 1 -1 1 1 1 -1 -1 1 1 
1664826351318123439141651 -1 -1 -1 -1 1 1 1 -1 1 -1 1 1 1 -1 1 -1 -1 1 1 -1 1 1 1 1 -1 1 
161246255011324481947117 -1 -1 -1 -1 1 1 1 -1 -1 1 1 -1 1 -1 1 -1 -1 1 1 -1 1 1 1 1 1 1 
16739484215410141513151 -1 -1 -1 -1 1 1 1 1 -1 1 1 1 -1 1 -1 1 -1 1 -1 -1 1 -1 1 1 1 1 
1645431017225143216352549 -1 -1 -1 1 -1 -1 -1 1 -1 1 1 1 1 -1 1 -1 1 1 -1 1 1 1 1 1 -1 1 
16739484215410141513151 -1 -1 -1 -1 1 1 1 1 -1 1 -1 -1 1 -1 1 -1 1 -1 1 1 1 -1 1 1 1 1 
16263384194010273782351 -1 -1 -1 1 -1 -1 1 -1 -1 1 1 1 1 -1 1 1 1 -1 1 -1 1 -1 1 1 1 1 
16498919455231501818131 -1 -1 -1 1 -1 -1 1 -1 -1 1 1 1 -1 1 1 1 1 1 -1 1 1 -1 -1 1 1 1 
16274411314932364241917 -1 -1 -1 1 -1 -1 1 1 -1 1 -1 1 1 -1 -1 1 -1 1 1 1 1 1 1 -1 1 1 
16265525385071211263051 -1 -1 -1 1 -1 -1 1 1 1 -1 1 -1 1 1 1 1 1 -1 1 -1 1 -1 -1 1 1 1 
163714426332047183445924 -1 -1 -1 1 -1 -1 1 1 1 -1 1 1 1 1 1 -1 1 -1 1 1 -1 -1 1 -1 1 1 
163345920372634244714418 -1 -1 -1 1 -1 -1 1 -1 -1 1 1 1 1 1 1 1 -1 -1 1 1 -1 1 -1 1 1 1 
1616193132234481542403428 -1 -1 -1 1 -1 -1 1 1 1 -1 1 1 -1 1 1 -1 1 -1 1 1 1 -1 1 -1 1 1 
1642507817177477323246 -1 -1 -1 1 -1 -1 1 1 1 1 1 1 1 1 -1 -1 1 -1 1 1 -1 1 -1 1 -1 1 
162625522638377511293026 -1 -1 -1 -1 1 1 -1 -1 -1 1 1 -1 1 1 1 1 -1 1 -1 1 -1 1 1 1 1 1 
16385217242818351423442 -1 -1 -1 1 -1 -1 1 1 1 -1 1 -1 -1 1 -1 1 1 1 1 1 1 1 -1 1 -1 1 
16385217242818351423442 -1 -1 -1 1 -1 1 -1 1 1 1 1 1 1 1 -1 1 -1 -1 1 -1 1 1 1 -1 -1 1 
16432240431848275037616 -1 -1 -1 -1 1 -1 -1 1 -1 1 1 1 -1 1 1 1 1 1 -1 1 -1 -1 1 1 1 1 
163418374547149204243326 -1 -1 -1 -1 1 1 1 -1 -1 1 1 1 1 1 1 1 -1 -1 1 -1 1 -1 1 -1 1 1 
161981247444613225171150 -1 -1 -1 1 -1 1 -1 1 1 1 -1 1 1 1 -1 -1 1 1 1 1 -1 -1 1 -1 1 1 
1642151640481934343282213 -1 -1 -1 1 -1 1 -1 -1 1 1 1 1 1 1 1 -1 -1 1 1 1 -1 1 -1 -1 1 1 
