1651503387171447032646 -1 -1 -1 -1 -1 -1 1 -1 1 1 -1 1 1 1 -1 1 1 1 -1 1 -1 1 1 1 1 1 
1651393013111034322351162 -1 -1 -1 -1 -1 -1 1 1 -1 1 -1 1 1 -1 1 1 -1 1 1 1 -1 1 1 1 1 1 
16514645216382245151931 -1 -1 -1 -1 -1 1 -1 -1 1 1 -1 1 1 1 -1 -1 1 1 1 1 -1 1 1 1 1 1 
16494038636923182281748 -1 -1 -1 -1 -1 1 -1 -1 1 1 1 -1 1 1 1 1 1 -1 1 -1 1 -1 1 1 1 1 
164347430213115183163937 -1 -1 -1 -1 -1 1 -1 1 -1 1 -1 1 1 -1 1 1 1 -1 -1 1 1 1 1 1 1 1 
16365152552634515122150 -1 -1 -1 -1 -1 1 -1 1 -1 1 -1 1 1 1 1 -1 1 1 -1 -1 1 1 1 1 1 1 
164025372633370541291326 -1 -1 -1 -1 -1 1 -1 1 -1 1 1 1 -1 -1 1 1 1 1 -1 1 1 -1 1 1 1 1 
16474614621747182684013 -1 -1 -1 -1 -1 1 -1 1 -1 1 1 1 1 1 1 -1 -1 1 1 1 -1 1 1 -1 1 1 
16422027744441221503124 -1 -1 -1 -1 -1 1 -1 1 1 -1 1 -1 1 1 -1 1 1 1 -1 1 1 1 -1 1 1 1 
1623513133183014143634216 -1 -1 -1 -1 -1 1 -1 1 1 -1 1 1 1 -1 -1 1 1 1 -1 1 -1 1 1 1 1 1 
165229153721265263625345 -1 -1 -1 -1 -1 1 -1 1 1 -1 1 1 1 1 1 1 -1 1 -1 1 1 -1 -1 1 1 1 
1644105271641471141171610 -1 -1 -1 -1 -1 1 -1 1 1 1 -1 1 1 -1 1 1 1 1 -1 1 1 -1 -1 1 1 1 
164910502893040125331135 -1 -1 -1 -1 -1 1 -1 1 1 1 -1 1 1 1 -1 1 1 1 1 -1 1 -1 -1 1 1 1 
16462843939694815401218 -1 -1 -1 -1 -1 1 -1 1 1 1 1 1 -1 1 1 1 -1 1 1 -1 1 -1 -1 1 1 1 
1639501913342710183136314 -1 -1 -1 -1 -1 1 -1 1 1 1 1 1 1 -1 1 1 -1 1 -1 1 1 -1 -1 1 1 1 
16435043512112155353926 -1 -1 -1 -1 -1 1 1 -1 -1 -1 1 1 1 1 -1 1 -1 1 -1 1 1 1 1 1 1 1 
16383832407328403492618 -1 -1 -1 -1 -1 1 1 -1 -1 1 -1 1 1 1 -1 1 -1 1 1 -1 1 1 1 1 1 1 
16487214318394921203834 -1 -1 -1 -1 -1 1 1 -1 -1 1 1 -1 1 1 1 1 -1 1 1 1 -1 1 -1 1 1 1 
163033294128402271281151 -1 -1 -1 -1 -1 1 1 -1 -1 1 1 1 1 -1 1 1 1 -1 1 -1 1 -1 1 1 1 1 
1651730371134344123191611 -1 -1 -1 -1 -1 1 1 -1 1 -1 -1 1 1 1 1 -1 1 1 1 -1 1 1 1 -1 1 1 
1647513510151321236391132 -1 -1 -1 -1 -1 1 1 -1 1 -1 1 -1 -1 1 1 -1 1 -1 1 1 1 1 1 1 1 1 
1632502830181293044131324 -1 -1 -1 -1 -1 1 1 -1 1 -1 1 1 -1 -1 1 -1 1 1 1 -1 1 1 1 1 1 1 
16283923423430145512351 -1 -1 -1 -1 -1 1 1 -1 1 -1 1 1 1 1 1 -1 1 -1 1 -1 1 1 -1 1 1 1 
1648152140181949342028813 -1 -1 -1 -1 -1 1 1 -1 1 -1 1 1 1 1 1 -1 1 1 1 -1 -1 1 1 -1 1 1 
161350311693491445291835 -1 -1 -1 -1 -1 1 1 -1 1 1 1 -1 1 -1 1 -1 1 1 -1 1 1 -1 1 1 1 1 
1615364615920122643393913 -1 -1 -1 -1 -1 1 1 -1 1 1 1 -1 1 -1 1 1 -1 1 1 -1 1 -1 1 1 1 1 
16224938311994991373613 -1 -1 -1 -1 -1 1 1 1 -1 -1 1 1 -1 1 -1 1 -1 1 1 -1 1 1 1 1 1 1 
1616324535144325251049217 -1 -1 -1 -1 -1 1 1 1 -1 1 -1 1 1 -1 -1 1 1 1 -1 1 1 -1 1 1 1 1 
16164734143037511211242314 -1 -1 -1 -1 -1 1 1 1 -1 1 1 -1 1 -1 -1 1 1 1 -1 1 1 1 -1 1 1 1 
16473514344513314918548 -1 -1 -1 -1 1 -1 -1 -1 1 1 -1 1 1 1 -1 1 1 1 -1 1 -1 1 1 1 1 1 
16502849641145523204822 -1 -1 -1 -1 1 -1 -1 1 -1 1 -1 1 -1 1 1 1 1 -1 -1 1 1 1 1 1 1 1 
16364536836136173619367 -1 -1 -1 -1 1 -1 -1 1 -1 1 -1 1 1 1 1 1 -1 -1 1 1 -1 1 1 1 1 1 
16474716241115241629443 -1 -1 -1 -1 1 -1 -1 1 -1 1 1 1 -1 1 1 1 -1 -1 1 1 1 1 1 1 -1 1 
1649350189404038540119 -1 -1 -1 -1 1 -1 -1 1 1 -1 -1 1 1 -1 1 1 1 1 1 -1 1 -1 1 1 1 1 
1644515220165477419165 -1 -1 -1 -1 1 -1 -1 1 1 -1 1 1 1 1 1 1 1 -1 1 -1 -1 -1 1 1 1 1 
164943451624471762411525 -1 -1 -1 -1 1 -1 -1 1 1 1 -1 -1 -1 1 -1 1 1 1 -1 1 1 1 1 1 1 1 
163646524651734181582113 -1 -1 -1 -1 1 -1 -1 1 1 1 -1 1 -1 -1 -1 1 1 1 1 1 -1 1 1 1 1 1 
1634213794750939422337 -1 -1 -1 -1 1 -1 -1 1 1 1 -1 1 -1 -1 1 1 1 1 -1 1 1 1 -1 1 1 1 
16252535112031331029212248 -1 -1 -1 -1 1 -1 -1 1 1 1 -1 1 -1 1 -1 1 1 1 -1 1 1 -1 1 1 1 1 
163629493738262226192515 -1 -1 -1 -1 1 -1 -1 1 1 1 1 -1 -1 -1 1 1 1 1 1 -1 1 1 1 -1 1 1 
163829132214710244829149 -1 -1 -1 -1 1 -1 -1 1 1 1 1 -1 1 1 -1 1 1 1 -1 1 -1 1 1 1 -1 1 
1651223043114342723371616 -1 -1 -1 -1 1 -1 1 -1 -1 -1 1 1 1 -1 1 1 -1 1 1 -1 1 1 1 1 1 1 
163050234416711245120342 -1 -1 -1 -1 1 -1 1 -1 -1 1 1 1 1 1 -1 -1 1 -1 1 1 1 1 1 -1 1 1 
16496181820482128894840 -1 -1 -1 -1 1 -1 1 -1 1 -1 -1 1 1 -1 1 1 1 -1 1 1 1 1 -1 1 1 1 
16292030241718461416262745 -1 -1 -1 -1 1 -1 1 -1 1 -1 1 1 -1 -1 1 1 1 -1 1 1 -1 1 1 1 1 1 
1647733433439421933734 -1 -1 -1 -1 1 -1 1 -1 1 -1 1 1 -1 -1 1 1 1 1 1 1 1 -1 -1 1 1 1 
16263128332323847443434 -1 -1 -1 -1 1 -1 1 -1 1 1 1 -1 1 1 1 1 -1 1 -1 -1 1 1 1 -1 1 1 
1620324351943122546491117 -1 -1 -1 -1 1 -1 1 1 -1 1 1 1 1 -1 -1 1 1 -1 1 1 1 -1 1 -1 1 1 
16363752953134131549219 -1 -1 -1 -1 1 -1 1 1 1 -1 -1 1 -1 -1 1 1 1 1 1 1 1 -1 1 -1 1 1 
16213920348211874843493 -1 -1 -1 -1 1 -1 1 1 1 -1 -1 1 -1 1 1 -1 1 -1 1 1 1 1 1 -1 1 1 
163043192725164437414622 -1 -1 -1 -1 1 -1 1 1 1 -1 1 -1 -1 1 1 -1 1 1 1 1 1 1 -1 -1 1 1 
163514333153039144332116 -1 -1 -1 -1 1 -1 1 1 1 -1 1 1 1 -1 -1 1 1 -1 1 -1 -1 1 1 1 1 1 
1664826351318123439141651 -1 -1 -1 -1 1 -1 1 1 1 1 -1 1 1 -1 -1 1 -1 1 1 1 -1 1 -1 1 1 1 
16122794243946139431525 -1 -1 -1 -1 1 1 -1 -1 1 1 1 -1 1 -1 1 -1 1 1 -1 1 1 -1 1 1 1 1 
164639173416213072743293 -1 -1 -1 -1 1 1 -1 1 -1 1 -1 -1 1 -1 -1 1 1 1 1 1 1 1 -1 1 1 1 
161239343449211474343123 -1 -1 -1 -1 1 1 -1 1 1 1 -1 1 1 1 1 -1 -1 1 -1 1 -1 -1 1 1 1 1 
163646524651734181582113 -1 -1 -1 -1 1 1 1 -1 1 -1 -1 -1 1 1 -1 -1 1 -1 1 1 1 1 1 1 1 1 
16263384194010273782351 -1 -1 -1 1 -1 -1 1 -1 -1 1 1 1 1 -1 1 1 1 -1 1 -1 1 -1 1 1 1 1 
