1658240641445135332027 -1 -1 -1 -1 -1 -1 1 1 1 1 -1 1 -1 1 1 1 -1 1 1 1 1 -1 1 1 1 1 
16633530443339163451614 -1 -1 -1 -1 -1 1 -1 1 -1 1 1 1 1 -1 1 1 1 -1 1 1 -1 1 1 1 1 1 
16126943274342313226131 -1 -1 -1 -1 -1 1 -1 1 1 -1 1 -1 1 1 1 1 -1 1 1 1 -1 1 1 1 1 1 
16101946371985223452638 -1 -1 -1 -1 -1 1 -1 1 1 1 -1 -1 1 1 1 -1 1 1 -1 1 1 1 1 1 1 1 
161392937284932918134431 -1 -1 -1 -1 -1 1 -1 1 1 1 -1 1 1 -1 1 1 -1 1 1 1 1 -1 1 1 1 1 
16169339227482242503421 -1 -1 -1 -1 -1 1 -1 1 1 1 -1 1 1 1 1 -1 1 1 1 -1 -1 1 1 1 1 1 
1614018183637311642312347 -1 -1 -1 -1 -1 1 -1 1 1 1 1 1 1 -1 1 1 -1 1 1 1 -1 -1 1 1 1 1 
167526153819344328183248 -1 -1 -1 -1 -1 1 1 -1 -1 1 1 1 1 1 1 1 -1 1 -1 1 1 -1 1 1 1 1 
16112716305117232334323019 -1 -1 -1 -1 -1 1 1 -1 1 -1 1 1 -1 1 1 1 -1 1 1 1 -1 1 1 1 1 1 
16630391635146514433343 -1 -1 -1 -1 -1 1 1 -1 1 -1 1 1 1 1 -1 1 1 1 -1 1 1 1 -1 1 1 1 
16221133103548252120312925 -1 -1 -1 -1 -1 1 1 -1 1 1 -1 1 1 1 1 -1 1 -1 1 1 1 -1 1 1 1 1 
16277202735421736950338 -1 -1 -1 -1 -1 1 1 -1 1 1 1 1 -1 1 -1 1 1 1 -1 1 1 -1 1 1 1 1 
161693243133739626403713 -1 -1 -1 -1 -1 1 1 -1 1 1 1 1 1 -1 1 1 1 -1 1 -1 1 1 -1 1 1 1 
161102128356474715233644 -1 -1 -1 -1 -1 1 1 1 -1 -1 1 1 -1 1 -1 1 1 -1 1 1 1 1 1 1 1 1 
16211220384318414847492 -1 -1 -1 -1 -1 1 1 1 -1 -1 1 1 1 -1 1 -1 1 1 1 -1 1 1 1 1 1 1 
1620294471922124946291124 -1 -1 -1 -1 -1 1 1 1 -1 1 1 -1 1 -1 1 1 1 1 -1 1 1 1 -1 1 1 1 
1625133421393316212184842 -1 -1 -1 -1 -1 1 1 1 -1 1 1 -1 1 1 -1 1 1 -1 1 1 1 1 -1 1 1 1 
165151515284338840283838 -1 -1 -1 -1 1 -1 -1 1 -1 1 1 1 -1 1 1 1 1 1 -1 -1 1 1 1 1 1 1 
162352141431724164537831 -1 -1 -1 -1 1 -1 -1 1 1 1 -1 1 1 -1 1 1 1 -1 1 -1 1 1 1 1 1 1 
161891146151233245344144 -1 -1 -1 -1 1 -1 -1 1 1 1 -1 1 1 1 1 1 -1 1 1 -1 -1 1 1 1 1 1 
1623126242730475026301513 -1 -1 -1 -1 1 -1 -1 1 1 1 1 -1 1 -1 1 -1 1 1 1 1 -1 1 1 1 1 1 
162662823323538257363422 -1 -1 -1 -1 1 -1 -1 1 1 1 1 1 -1 1 -1 1 1 1 -1 1 1 -1 1 1 1 1 
16544936403011185010949 -1 -1 -1 -1 1 -1 -1 1 1 1 1 1 -1 1 1 1 -1 1 1 -1 1 1 1 1 -1 1 
1615541411817451633371131 -1 -1 -1 -1 1 -1 -1 1 1 1 1 1 1 -1 1 1 1 -1 1 -1 1 1 -1 1 1 1 
1612223963336372324251835 -1 -1 -1 -1 1 -1 1 -1 -1 1 1 1 1 -1 1 1 1 -1 1 1 -1 1 1 1 1 1 
1617180511034504824351014 -1 -1 -1 -1 1 -1 1 -1 1 -1 1 1 -1 1 1 1 1 -1 -1 1 1 1 1 1 1 1 
16202122312511294833253510 -1 -1 -1 -1 1 -1 1 -1 1 1 1 -1 -1 1 1 -1 1 1 1 1 -1 1 1 1 1 1 
1633815284515114341381815 -1 -1 -1 -1 1 -1 1 -1 1 1 1 -1 1 1 -1 1 1 1 -1 -1 1 1 1 1 1 1 
1664426131349123639411617 -1 -1 -1 -1 1 -1 1 -1 1 1 1 -1 1 1 -1 1 1 1 1 1 1 -1 -1 1 1 1 
16173335489412040332276 -1 -1 -1 -1 1 -1 1 -1 1 1 1 -1 1 1 1 1 -1 1 1 -1 1 1 -1 1 1 1 
1623250325748394924114 -1 -1 -1 -1 1 -1 1 -1 1 1 1 1 1 -1 -1 1 1 1 -1 1 1 1 1 -1 1 1 
1622125181613483334423921 -1 -1 -1 -1 1 -1 1 -1 1 1 1 1 1 -1 -1 1 1 1 1 1 1 1 -1 -1 1 1 
1643934229213350377479 -1 -1 -1 -1 1 -1 1 -1 1 1 1 1 1 -1 1 1 1 1 -1 1 1 -1 -1 1 1 1 
161183911341203650294222 -1 -1 -1 -1 1 -1 1 -1 1 1 1 1 1 1 1 -1 -1 1 1 1 1 1 -1 -1 1 1 
16641391435266044453422 -1 -1 -1 -1 1 -1 1 1 -1 -1 1 1 -1 1 1 1 -1 1 1 1 1 1 -1 1 1 1 
1623325421621481334213918 -1 -1 -1 -1 1 -1 1 1 -1 -1 1 1 1 1 -1 1 1 1 -1 1 1 1 1 1 -1 1 
16121151384248371041345 -1 -1 -1 -1 1 -1 1 1 -1 1 -1 -1 1 -1 1 1 1 -1 1 1 1 1 1 1 1 1 
16184245214217234353828 -1 -1 -1 -1 1 -1 1 1 -1 1 1 -1 -1 1 1 1 1 1 -1 1 1 1 -1 1 1 1 
1621124224414731372714414 -1 -1 -1 -1 1 -1 1 1 -1 1 1 -1 1 -1 1 -1 1 1 1 1 1 1 -1 1 1 1 
1627372114311244742144124 -1 -1 -1 -1 1 -1 1 1 -1 1 1 1 -1 1 1 1 -1 1 1 1 -1 -1 1 1 1 1 
16173923223821495036729 -1 -1 -1 -1 1 -1 1 1 -1 1 1 1 1 -1 1 1 1 1 -1 1 -1 1 -1 1 1 1 
16732752321717364225737 -1 -1 -1 -1 1 -1 1 1 1 -1 -1 1 1 -1 1 1 1 1 1 -1 1 1 1 1 -1 1 
1663426391323124339511610 -1 -1 -1 -1 1 -1 1 1 1 -1 -1 1 1 1 -1 1 1 1 1 1 -1 1 1 1 -1 1 
1633300163674951371448 -1 -1 -1 -1 1 -1 1 1 1 -1 -1 1 1 1 1 1 -1 -1 1 1 1 -1 1 1 1 1 
161049129482913221243847 -1 -1 -1 -1 1 -1 1 1 1 -1 -1 1 1 1 1 1 1 -1 1 1 -1 1 1 -1 1 1 
1618391383223443429242820 -1 -1 -1 -1 1 -1 1 1 1 -1 1 -1 1 1 -1 1 1 1 1 1 1 -1 -1 1 1 1 
16284073734433213269386 -1 -1 -1 -1 1 -1 1 1 1 -1 1 -1 1 1 1 1 -1 1 1 -1 1 1 -1 1 1 1 
164024212174724322411943 -1 -1 -1 -1 1 -1 1 1 1 -1 1 1 -1 1 1 -1 -1 1 1 1 1 -1 1 1 1 1 
16440249343843346181240 -1 -1 -1 -1 1 -1 1 1 1 -1 1 1 1 1 1 1 -1 1 1 -1 1 -1 -1 1 1 1 
16961040259513727134343 -1 -1 -1 -1 1 -1 1 1 1 1 -1 -1 1 -1 1 1 1 1 1 1 1 1 -1 -1 1 1 
1645213247732394724314 -1 -1 -1 -1 1 -1 1 1 1 1 -1 1 1 -1 -1 1 1 1 -1 1 -1 1 1 1 1 1 
16261142334448474022529 -1 -1 -1 -1 1 -1 1 1 1 1 -1 1 1 1 -1 -1 1 1 1 1 1 -1 1 -1 1 1 
164318362322452924412118 -1 -1 -1 -1 1 -1 1 1 1 1 -1 1 1 1 -1 1 -1 1 1 -1 -1 1 1 1 1 1 
16152621503543513954312 -1 -1 -1 -1 1 -1 1 1 1 1 1 -1 1 -1 1 1 1 1 -1 1 1 1 -1 -1 1 1 
16237353920306335204441 -1 -1 -1 -1 1 -1 1 1 1 1 1 -1 1 1 1 1 -1 1 1 -1 1 1 -1 -1 1 1 
1625246373014411444471912 -1 -1 -1 -1 1 -1 1 1 1 1 1 1 -1 1 -1 1 1 1 -1 1 1 -1 -1 1 1 1 
16206933332354827401741 -1 -1 -1 -1 1 -1 1 1 1 1 1 1 -1 1 1 1 1 -1 -1 -1 1 1 1 -1 1 1 
1653464736741289282735 -1 -1 -1 -1 1 -1 1 1 1 1 1 1 1 1 -1 1 1 -1 -1 1 1 -1 1 -1 1 1 
16354351550391243262151 -1 -1 -1 -1 1 -1 1 1 1 1 1 1 1 1 1 -1 -1 1 1 -1 1 -1 -1 1 1 1 
1613412914282632018454422 -1 -1 -1 -1 1 1 -1 -1 1 -1 1 1 -1 1 1 1 -1 1 1 1 -1 1 1 1 1 1 
16124343624134403437469 -1 -1 -1 -1 1 1 -1 -1 1 -1 1 1 1 1 -1 1 1 1 -1 1 1 1 -1 1 1 1 
161163937135201750314241 -1 -1 -1 -1 1 1 -1 -1 1 1 -1 -1 1 1 -1 1 -1 1 1 1 1 1 1 1 1 1 
1629261822440284113143245 -1 -1 -1 -1 1 1 -1 -1 1 1 -1 1 1 1 1 -1 1 1 -1 1 -1 1 1 1 1 1 
162813836522402938411518 -1 -1 -1 -1 1 1 -1 -1 1 1 1 1 1 1 -1 1 -1 1 -1 1 1 1 1 -1 1 1 
167203839112452830342623 -1 -1 -1 -1 1 1 -1 -1 1 1 1 1 1 1 1 1 -1 1 -1 1 -1 1 1 -1 1 1 
16620204554535354445210 -1 -1 -1 -1 1 1 -1 1 -1 1 -1 1 -1 -1 1 1 1 -1 1 1 1 1 1 1 1 1 
162791537234926947132631 -1 -1 -1 -1 1 1 -1 1 -1 1 -1 1 1 -1 1 1 -1 -1 1 1 1 1 1 1 1 1 
1635167164516441651163316 -1 -1 -1 -1 1 1 -1 1 -1 1 -1 1 1 1 1 -1 -1 1 1 -1 1 1 1 1 1 1 
16114940450104936918530 -1 -1 -1 -1 1 1 -1 1 -1 1 -1 1 1 1 1 -1 1 1 1 1 -1 1 1 -1 1 1 
162236718124946103230464 -1 -1 -1 -1 1 1 -1 1 -1 1 -1 1 1 1 1 1 -1 -1 1 1 1 1 1 -1 1 1 
16184843814717193453843 -1 -1 -1 -1 1 1 -1 1 -1 1 1 -1 -1 1 1 1 1 1 1 -1 1 1 -1 1 1 1 
163164523183592513364922 -1 -1 -1 -1 1 1 -1 1 -1 1 1 1 -1 1 1 -1 -1 1 1 1 1 1 1 -1 1 1 
1638103016263811347215229 -1 -1 -1 -1 1 1 -1 1 -1 1 1 1 1 1 -1 1 1 -1 -1 1 1 -1 1 1 1 1 
165111527282238334083846 -1 -1 -1 -1 1 1 -1 1 1 -1 -1 -1 1 1 -1 1 -1 1 1 1 1 1 1 1 1 1 
165262122360154134145245 -1 -1 -1 -1 1 1 -1 1 1 -1 -1 -1 1 1 -1 1 1 1 1 1 1 1 -1 1 1 1 
16234110278512689403733 -1 -1 -1 -1 1 1 -1 1 1 -1 -1 1 -1 1 1 1 -1 1 1 1 1 -1 1 1 1 1 
1614174904833376365130 -1 -1 -1 -1 1 1 -1 1 1 -1 1 -1 -1 -1 1 1 1 -1 1 1 1 1 1 1 1 1 
16421111363584204154536 -1 -1 -1 -1 1 1 -1 1 1 -1 1 -1 1 1 1 -1 -1 1 1 -1 1 1 1 1 1 1 
16344012374434613439246 -1 -1 -1 -1 1 1 -1 1 1 -1 1 -1 1 1 1 1 -1 1 -1 1 1 1 -1 1 1 1 
164514132949501833135916 -1 -1 -1 -1 1 1 -1 1 1 -1 1 1 1 -1 1 1 -1 1 -1 1 -1 1 1 1 1 1 
163829284140115223818536 -1 -1 -1 -1 1 1 -1 1 1 1 -1 1 1 1 -1 1 1 -1 1 -1 1 1 -1 1 1 1 
164018513841383615292822 -1 -1 -1 -1 1 1 -1 1 1 1 1 -1 1 -1 -1 1 1 1 1 1 -1 1 -1 1 1 1 
16461130338424473224729 -1 -1 -1 -1 1 1 -1 1 1 1 1 -1 1 1 -1 -1 1 1 1 -1 1 -1 1 1 1 1 
1627471502331261847162637 -1 -1 -1 -1 1 1 1 -1 -1 1 -1 1 1 -1 1 1 1 -1 1 1 1 -1 1 1 1 1 
162547196151114512264424 -1 -1 -1 -1 1 1 1 -1 -1 1 1 -1 1 -1 1 1 1 1 1 -1 1 1 -1 1 1 1 
1637129242447143744143714 -1 -1 -1 -1 1 1 1 -1 -1 1 1 -1 1 1 -1 1 -1 1 -1 1 1 1 1 1 1 1 
1634376939316133549449 -1 -1 -1 -1 1 1 1 -1 1 -1 1 1 1 1 1 -1 1 1 -1 -1 1 1 -1 1 1 1 
163901518433743162131347 -1 -1 -1 -1 1 1 1 -1 1 1 -1 1 -1 -1 1 -1 1 1 1 -1 1 1 1 1 1 1 
164882522927154630113633 -1 -1 -1 -1 1 1 1 -1 1 1 1 -1 1 1 1 -1 -1 1 -1 1 1 -1 1 1 1 1 
163839183623193422244920 -1 -1 -1 -1 1 1 1 -1 1 1 1 -1 1 1 1 -1 1 1 -1 1 -1 -1 1 1 1 1 
162822561736202341255235 -1 -1 -1 -1 1 1 1 -1 1 1 1 1 1 -1 1 1 1 -1 -1 1 -1 -1 1 1 1 1 
16491412261220431814453424 -1 -1 -1 -1 1 1 1 1 -1 1 1 -1 -1 1 1 -1 1 -1 1 1 1 -1 1 1 1 1 
168105021452523132482811 -1 -1 -1 1 -1 -1 -1 1 -1 1 1 1 1 -1 1 1 1 -1 1 1 -1 1 1 1 1 1 
16630393035246134413450 -1 -1 -1 1 -1 -1 1 -1 -1 1 1 1 -1 1 1 1 1 -1 1 1 -1 1 1 1 1 1 
16913323611727411494244 -1 -1 -1 1 -1 -1 1 -1 -1 1 1 1 1 1 1 1 -1 -1 1 1 1 1 -1 1 1 1 
1612439363330371824101849 -1 -1 -1 1 -1 -1 1 -1 -1 1 1 1 1 1 1 1 -1 1 -1 1 1 -1 1 1 1 1 
1622392112852221951153912 -1 -1 -1 1 -1 -1 1 -1 1 1 1 -1 -1 1 1 1 1 1 -1 1 -1 1 1 1 1 1 
165282833302423342346335 -1 -1 -1 1 -1 -1 1 -1 1 1 1 1 1 1 -1 1 -1 1 1 1 1 1 -1 -1 1 1 
16124434424314323434463 -1 -1 -1 1 -1 -1 1 -1 1 1 1 1 1 1 1 -1 -1 1 1 1 -1 1 1 1 -1 1 
1612944152542124311441926 -1 -1 -1 1 -1 -1 1 -1 1 1 1 1 1 1 1 -1 1 1 1 -1 1 -1 -1 1 1 1 
16193736922311134949389 -1 -1 -1 1 -1 -1 1 1 -1 -1 1 1 1 1 1 -1 1 1 1 -1 1 -1 1 1 1 1 
1692852841327746353647 -1 -1 -1 1 -1 -1 1 1 -1 -1 1 1 1 1 1 1 1 1 -1 1 -1 -1 1 1 1 1 
16142672904433156435142 -1 -1 -1 1 -1 -1 1 1 -1 1 -1 -1 1 1 1 1 -1 -1 1 1 1 1 1 1 1 1 
16253344739716282284835 -1 -1 -1 1 -1 -1 1 1 -1 1 -1 1 1 -1 1 1 -1 -1 1 1 1 1 1 1 1 1 
1628164431130183732472918 -1 -1 -1 1 -1 -1 1 1 -1 1 -1 1 1 1 -1 -1 1 1 1 -1 1 1 1 1 1 1 
1620322817333071927274923 -1 -1 -1 1 -1 -1 1 1 -1 1 -1 1 1 1 1 1 -1 -1 1 1 1 1 1 -1 1 1 
161830494931181349364510 -1 -1 -1 1 -1 -1 1 1 -1 1 1 -1 1 -1 1 1 1 -1 1 1 1 1 1 -1 1 1 
16231951273432163030231117 -1 -1 -1 1 -1 -1 1 1 -1 1 1 1 1 1 1 -1 1 -1 1 1 -1 1 -1 1 1 1 
16718325246191212284650 -1 -1 -1 1 -1 -1 1 1 -1 1 1 1 1 1 1 1 1 -1 -1 1 -1 1 1 -1 1 1 
1611244452536123811301940 -1 -1 -1 1 -1 -1 1 1 1 -1 -1 1 -1 1 1 -1 1 1 1 1 1 1 1 1 -1 1 
161231441342124749434312 -1 -1 -1 1 -1 -1 1 1 1 -1 1 -1 -1 -1 1 1 1 -1 1 1 1 1 1 1 1 1 
16201213445023994246134 -1 -1 -1 1 -1 -1 1 1 1 -1 1 -1 -1 1 -1 1 1 1 -1 1 1 1 1 1 1 1 
16274114911332174244936 -1 -1 -1 1 -1 -1 1 1 1 -1 1 -1 -1 1 1 1 1 -1 1 1 1 -1 1 1 1 1 
1630214831151136482525910 -1 -1 -1 1 -1 -1 1 1 1 -1 1 -1 1 1 -1 1 -1 1 1 1 1 1 -1 1 1 1 
16822504645332113227288 -1 -1 -1 1 -1 -1 1 1 1 -1 1 1 -1 1 1 -1 1 1 1 1 1 1 -1 1 -1 1 
1636352735289474128467 -1 -1 -1 1 -1 -1 1 1 1 -1 1 1 1 -1 1 -1 1 1 1 1 -1 -1 1 1 1 1 
1613433718165261939483215 -1 -1 -1 1 -1 -1 1 1 1 -1 1 1 1 1 1 -1 1 1 1 -1 1 -1 -1 1 1 1 
16223129281322375193949 -1 -1 -1 1 -1 -1 1 1 1 1 -1 -1 -1 1 1 1 1 1 -1 1 1 1 1 -1 1 1 
162813444913371831329299 -1 -1 -1 1 -1 -1 1 1 1 1 -1 1 1 -1 1 -1 1 1 1 1 -1 1 1 1 -1 1 
161254315241944334184648 -1 -1 -1 1 -1 -1 1 1 1 1 -1 1 1 1 1 -1 -1 1 1 1 1 1 1 -1 -1 1 
1616213921242341848332513 -1 -1 -1 1 -1 -1 1 1 1 1 1 -1 -1 1 1 1 1 -1 1 1 1 1 -1 1 -1 1 
16457243552824349471728 -1 -1 -1 1 -1 -1 1 1 1 1 1 -1 1 1 -1 -1 1 1 1 -1 1 -1 1 1 1 1 
1639162234229222128385110 -1 -1 -1 1 -1 -1 1 1 1 1 1 -1 1 1 -1 -1 1 1 1 1 -1 1 -1 1 1 1 
1644565650341239263551 -1 -1 -1 1 -1 -1 1 1 1 1 1 1 -1 1 -1 -1 1 1 1 1 -1 -1 1 1 1 1 
16228252816348734353947 -1 -1 -1 1 -1 -1 1 1 1 1 1 1 1 1 -1 1 1 -1 1 1 -1 -1 -1 1 1 1 
162791537234926947132631 -1 -1 -1 1 -1 1 -1 -1 1 -1 1 1 1 1 1 1 -1 -1 1 1 -1 1 1 1 1 1 
16936275017734220383527 -1 -1 -1 1 -1 1 -1 -1 1 1 -1 -1 1 1 1 -1 1 1 -1 1 1 1 1 1 1 1 
16163032351312391026283733 -1 -1 -1 1 -1 1 -1 -1 1 1 -1 1 1 1 1 -1 -1 1 1 1 1 1 1 -1 1 1 
1616353250132939162614373 -1 -1 -1 1 -1 1 -1 -1 1 1 -1 1 1 1 1 1 1 -1 1 -1 1 1 -1 1 1 1 
1619374114612254730144424 -1 -1 -1 1 -1 1 -1 -1 1 1 1 -1 -1 1 1 -1 1 1 1 1 -1 1 1 1 1 1 
1617471443394724532322 -1 -1 -1 1 -1 1 -1 -1 1 1 1 -1 1 -1 -1 1 1 1 1 1 1 1 1 1 -1 1 
1634213334472395134043 -1 -1 -1 1 -1 1 -1 -1 1 1 1 -1 1 1 -1 1 1 1 -1 -1 1 1 1 1 1 1 
16232136925038391722497 -1 -1 -1 1 -1 1 -1 -1 1 1 1 1 -1 -1 1 -1 1 1 1 1 1 1 -1 1 1 1 
16937181313645949433140 -1 -1 -1 1 -1 1 -1 -1 1 1 1 1 1 -1 -1 1 1 1 1 1 1 1 -1 -1 1 1 
161234147343124349214339 -1 -1 -1 1 -1 1 -1 -1 1 1 1 1 1 1 -1 -1 1 1 1 1 1 1 -1 -1 1 1 
16233421124346244445982 -1 -1 -1 1 -1 1 -1 1 -1 -1 1 1 1 1 1 1 -1 1 1 -1 1 -1 1 1 1 1 
1626433931163113266431226 -1 -1 -1 1 -1 1 -1 1 1 -1 -1 1 1 -1 1 1 -1 1 1 1 1 -1 1 1 1 1 
1625333582011332229462227 -1 -1 -1 1 -1 1 -1 1 1 -1 -1 1 1 1 1 -1 -1 1 1 1 1 1 1 -1 1 1 
16274820403561732941333 -1 -1 -1 1 -1 1 -1 1 1 -1 1 1 -1 1 1 1 1 1 -1 -1 1 1 1 -1 1 1 
1615414122183645183311129 -1 -1 -1 1 -1 1 -1 1 1 -1 1 1 1 1 1 1 -1 1 1 -1 1 -1 -1 1 1 1 
1643934229213350377479 -1 -1 -1 1 -1 1 -1 1 1 -1 1 1 1 1 1 1 1 -1 1 1 -1 -1 -1 1 1 1 
16271615342329262147382610 -1 -1 -1 1 -1 1 -1 1 1 1 -1 -1 1 -1 -1 1 1 1 1 1 1 -1 1 1 1 1 
16131931509149184552188 -1 -1 -1 1 -1 1 -1 1 1 1 -1 -1 1 -1 1 1 1 1 1 1 1 1 -1 -1 1 1 
163629324718221492292324 -1 -1 -1 1 -1 1 -1 1 1 1 1 -1 -1 1 1 -1 1 1 1 1 -1 1 1 -1 1 1 
16304322947473811463242 -1 -1 -1 1 -1 1 -1 1 1 1 1 -1 1 -1 -1 1 1 1 1 1 1 -1 1 1 -1 1 
16497453524281732447528 -1 -1 -1 1 -1 1 -1 1 1 1 1 -1 1 1 -1 -1 1 1 -1 1 1 -1 1 1 1 1 
16431232639521504351155 -1 -1 -1 1 -1 1 -1 1 1 1 1 -1 1 1 1 -1 1 1 -1 -1 -1 1 1 1 1 1 
161347484912412938221029 -1 -1 -1 1 -1 1 -1 1 1 1 1 -1 1 1 1 1 -1 1 1 -1 1 1 -1 -1 1 1 
163341844123124323734393 -1 -1 -1 1 -1 1 -1 1 1 1 1 1 -1 -1 1 -1 1 1 1 1 1 1 -1 -1 1 1 
1632328301833291644511314 -1 -1 -1 1 -1 1 -1 1 1 1 1 1 1 -1 1 -1 -1 1 1 1 1 1 -1 -1 1 1 
162234382419394923120368 -1 -1 -1 1 -1 1 -1 1 1 1 1 1 1 -1 1 1 -1 1 1 -1 1 -1 -1 1 1 1 
16291025213325223135482011 -1 -1 -1 1 -1 1 -1 1 1 1 1 1 1 -1 1 1 1 -1 -1 1 -1 -1 1 1 1 1 
16171952502814118205258 -1 -1 -1 1 -1 1 -1 1 1 1 1 1 1 1 -1 1 1 -1 -1 1 1 -1 1 -1 1 1 
16351234284255130392314 -1 -1 -1 1 -1 1 1 -1 -1 -1 1 -1 1 1 1 1 -1 1 1 1 1 1 -1 1 1 1 
16651201154735324423237 -1 -1 -1 1 -1 1 1 -1 -1 -1 1 1 1 1 -1 1 1 1 1 -1 1 1 1 1 -1 1 
1623325421621481334213918 -1 -1 -1 1 -1 1 1 -1 -1 1 -1 1 -1 -1 1 1 1 -1 1 1 1 1 1 1 1 1 
16311345918409431364937 -1 -1 -1 1 -1 1 1 -1 -1 1 1 1 -1 -1 1 -1 1 1 -1 1 1 1 1 1 1 1 
16183491831401338940459 -1 -1 -1 1 -1 1 1 -1 -1 1 1 1 -1 -1 1 -1 1 1 1 1 1 1 1 1 -1 1 
1620384412455466523519 -1 -1 -1 1 -1 1 1 -1 -1 1 1 1 -1 -1 1 1 1 1 1 -1 1 1 1 1 -1 1 
16393548325282471628347 -1 -1 -1 1 -1 1 1 -1 -1 1 1 1 1 -1 1 -1 1 1 -1 1 1 1 -1 1 1 1 
161321353843482510491317 -1 -1 -1 1 -1 1 1 -1 1 -1 -1 -1 1 -1 1 1 1 1 1 1 1 -1 1 1 1 1 
1643031234219213241172727 -1 -1 -1 1 -1 1 1 -1 1 -1 -1 -1 1 1 -1 1 1 1 1 1 1 1 -1 1 1 1 
16364615225444834912309 -1 -1 -1 1 -1 1 1 -1 1 -1 -1 1 1 1 1 -1 1 -1 1 1 1 -1 1 1 1 1 
163426331844242455120014 -1 -1 -1 1 -1 1 1 -1 1 -1 1 -1 1 1 -1 -1 1 1 1 -1 1 1 1 1 1 1 
1627474128463552836793 -1 -1 -1 1 -1 1 1 -1 1 -1 1 -1 1 1 1 -1 1 1 1 1 -1 1 1 -1 1 1 
16353054144332037239620 -1 -1 -1 1 -1 1 1 -1 1 -1 1 1 1 1 1 1 -1 1 -1 -1 1 1 -1 1 1 1 
16263384194010273782351 -1 -1 -1 1 -1 1 1 -1 1 1 -1 -1 -1 1 1 1 1 1 -1 1 1 1 1 -1 1 1 
16253484742292623444011 -1 -1 -1 1 -1 1 1 -1 1 1 -1 -1 1 -1 1 -1 1 1 1 1 1 1 1 -1 1 1 
1641324839501423257492 -1 -1 -1 1 -1 1 1 -1 1 1 -1 1 1 -1 1 -1 1 1 1 -1 1 1 1 -1 1 1 
16434034404618249123438 -1 -1 -1 1 -1 1 1 -1 1 1 -1 1 1 1 -1 1 1 -1 1 -1 1 1 -1 1 1 1 
1649201824201821148264845 -1 -1 -1 1 -1 1 1 -1 1 1 -1 1 1 1 1 -1 -1 1 1 -1 -1 1 1 1 1 1 
163829132214710244829149 -1 -1 -1 1 -1 1 1 -1 1 1 1 -1 -1 1 -1 1 1 1 1 1 1 -1 -1 1 1 1 
1649350189404038540119 -1 -1 -1 1 -1 1 1 -1 1 1 1 -1 1 -1 1 -1 -1 1 1 1 1 -1 1 1 1 1 
164824382910291471349122 -1 -1 -1 1 -1 1 1 -1 1 1 1 -1 1 1 1 -1 -1 1 1 -1 1 -1 1 1 1 1 
164519304813432543153118 -1 -1 -1 1 -1 1 1 -1 1 1 1 -1 1 1 1 -1 1 -1 -1 1 1 1 1 -1 1 1 
1641548850362336511490 -1 -1 -1 1 -1 1 1 -1 1 1 1 1 -1 -1 1 -1 1 1 1 1 -1 1 1 1 -1 1 
1634433324441212513047 -1 -1 -1 1 -1 1 1 -1 1 1 1 1 -1 1 -1 1 1 1 1 -1 -1 1 1 -1 1 1 
1618224241234536141403126 -1 -1 -1 1 -1 1 1 -1 1 1 1 1 1 1 1 -1 1 -1 -1 1 1 -1 1 -1 1 1 
162035172241255652232836 -1 -1 -1 1 -1 1 1 1 -1 -1 -1 1 1 -1 1 1 1 1 1 1 -1 1 1 -1 1 1 
16202148349783921341843 -1 -1 -1 1 -1 1 1 1 -1 -1 1 -1 1 1 -1 1 1 1 1 1 1 1 -1 -1 1 1 
167493244610123622184630 -1 -1 -1 1 -1 1 1 1 -1 -1 1 1 1 1 1 1 1 -1 1 1 -1 1 -1 -1 1 1 
16474121426261040454722 -1 -1 -1 1 -1 1 1 1 -1 1 1 -1 -1 1 1 -1 1 1 1 1 -1 -1 1 1 1 1 
1649177192823202733302732 -1 -1 -1 1 -1 1 1 1 -1 1 1 -1 1 -1 -1 1 1 1 -1 -1 1 1 1 1 1 1 
161831373393212433442434 -1 -1 -1 1 -1 1 1 1 -1 1 1 -1 1 1 -1 1 1 1 1 1 1 -1 -1 -1 1 1 
165231530213351636513414 -1 -1 -1 1 -1 1 1 1 -1 1 1 -1 1 1 1 -1 -1 -1 1 1 -1 1 1 1 1 1 
1651163516441633167164516 -1 -1 -1 1 -1 1 1 1 -1 1 1 1 -1 -1 1 -1 1 1 -1 1 1 -1 1 1 1 1 
16383832407328403492618 -1 -1 -1 1 -1 1 1 1 -1 1 1 1 -1 -1 1 1 1 1 -1 1 1 -1 1 -1 1 1 
16453244757242849281735 -1 -1 -1 1 -1 1 1 1 -1 1 1 1 1 -1 1 1 -1 -1 -1 1 1 1 1 -1 1 1 
161549473126923927372613 -1 -1 -1 1 -1 1 1 1 -1 1 1 1 1 -1 1 1 1 -1 1 1 -1 1 -1 -1 1 1 
1627284174647535363928 -1 -1 -1 1 -1 1 1 1 -1 1 1 1 1 1 1 -1 -1 1 -1 1 1 -1 1 -1 1 1 
1684650245442343212289 -1 -1 -1 1 -1 1 1 1 -1 1 1 1 1 1 1 -1 1 -1 1 1 -1 1 -1 -1 1 1 
161891313329444929312837 -1 -1 -1 1 -1 1 1 1 1 -1 -1 1 -1 1 1 1 1 1 1 1 1 -1 -1 -1 1 1 
16421027343251939143123 -1 -1 -1 1 -1 1 1 1 1 -1 1 -1 -1 1 1 -1 1 1 1 1 1 -1 1 -1 1 1 
16529113730493892613731 -1 -1 -1 1 -1 1 1 1 1 -1 1 -1 1 1 -1 1 -1 -1 1 1 -1 1 1 1 1 1 
1628302723491933322017727 -1 -1 -1 1 -1 1 1 1 1 -1 1 -1 1 1 -1 1 1 1 1 1 -1 1 -1 -1 1 1 
16491238336432341247172 -1 -1 -1 1 -1 1 1 1 1 -1 1 1 1 -1 1 -1 -1 1 1 -1 1 -1 1 1 1 1 
1644961369344939313537 -1 -1 -1 1 -1 1 1 1 1 -1 1 1 1 1 -1 -1 1 1 -1 -1 -1 1 1 1 1 1 
16341918517483847443138 -1 -1 -1 1 -1 1 1 1 1 -1 1 1 1 1 1 -1 -1 1 -1 1 -1 -1 1 1 1 1 
16647390353161844163437 -1 -1 -1 1 -1 1 1 1 1 -1 1 1 1 1 1 1 -1 -1 1 1 -1 1 -1 -1 1 1 
16422216504893473212239 -1 -1 -1 1 -1 1 1 1 1 1 -1 1 1 -1 1 1 -1 1 -1 -1 1 1 1 -1 1 1 
164212036392212913415018 -1 -1 -1 1 -1 1 1 1 1 1 1 1 -1 -1 1 -1 1 1 -1 -1 1 1 -1 1 1 1 
1633181514541113641291822 -1 -1 -1 1 -1 1 1 1 1 1 1 1 -1 1 -1 -1 1 1 1 -1 1 -1 -1 1 1 1 
1628153952221151122239219 -1 -1 -1 1 -1 1 1 1 1 1 1 1 -1 1 -1 1 1 -1 -1 1 1 -1 1 -1 1 1 
162851343920282422232239 -1 -1 -1 1 -1 1 1 1 1 1 1 1 1 1 -1 1 -1 -1 1 -1 1 1 -1 -1 1 1 
1661444121914302425374147 -1 -1 -1 1 1 -1 -1 -1 1 1 -1 1 1 -1 -1 1 -1 1 1 1 1 1 1 1 1 1 
1625333582011332229462227 -1 -1 -1 1 1 -1 -1 -1 1 1 -1 1 1 -1 1 1 1 -1 1 -1 1 1 1 1 1 1 
16549213136915934375213 -1 -1 -1 1 1 -1 -1 1 -1 -1 1 -1 1 1 1 -1 1 1 1 -1 1 1 1 1 1 1 
161250431624341434294635 -1 -1 -1 1 1 -1 -1 1 -1 -1 1 1 1 -1 1 1 -1 1 1 1 1 1 -1 1 1 1 
1627301530232426134712650 -1 -1 -1 1 1 -1 -1 1 -1 -1 1 1 1 1 1 1 -1 1 -1 1 1 -1 1 1 1 1 
1633251836126243537223923 -1 -1 -1 1 1 -1 -1 1 -1 1 -1 1 1 1 1 -1 -1 1 1 -1 1 1 1 1 1 1 
1625213418391316332424821 -1 -1 -1 1 1 -1 -1 1 -1 1 1 1 -1 1 -1 -1 1 1 1 1 1 1 1 -1 1 1 
1644203239292413828341823 -1 -1 -1 1 1 -1 -1 1 1 -1 1 1 -1 1 1 -1 1 -1 1 -1 1 1 1 1 1 1 
16311458181891913504952 -1 -1 -1 1 1 -1 -1 1 1 1 1 1 1 1 -1 1 1 -1 -1 1 -1 -1 1 1 1 1 
1633272033294635822222511 -1 -1 -1 1 1 -1 1 -1 -1 1 1 -1 1 1 -1 1 -1 1 -1 1 1 1 1 1 1 1 
16493944534314418321331 -1 -1 -1 1 1 -1 1 -1 -1 1 1 1 1 1 -1 1 -1 1 -1 -1 1 1 1 1 1 1 
165342820302923512316350 -1 -1 -1 1 1 -1 1 -1 1 -1 -1 1 -1 -1 1 1 1 1 1 1 1 -1 1 1 1 1 
1626493917163613446131241 -1 -1 -1 1 1 -1 1 -1 1 -1 -1 1 1 -1 1 1 -1 1 1 1 1 -1 1 1 1 1 
16274411314932364241917 -1 -1 -1 1 1 -1 1 -1 1 -1 1 -1 -1 1 1 1 1 1 1 1 -1 -1 1 1 1 1 
163448385281826153243719 -1 -1 -1 1 1 -1 1 -1 1 -1 1 1 -1 -1 1 1 1 1 1 -1 1 1 -1 1 1 1 
164331337391821474301516 -1 -1 -1 1 1 -1 1 -1 1 -1 1 1 1 1 1 -1 -1 1 -1 1 1 1 1 -1 1 1 
16163539322834474828257 -1 -1 -1 1 1 -1 1 -1 1 -1 1 1 1 1 1 1 1 -1 1 1 -1 -1 -1 1 1 1 
16252535112031331029212248 -1 -1 -1 1 1 -1 1 -1 1 1 -1 -1 1 -1 -1 1 1 1 1 1 1 -1 1 1 1 1 
16503332828114522846227 -1 -1 -1 1 1 -1 1 -1 1 1 -1 1 1 1 -1 1 -1 1 1 -1 -1 1 1 1 1 1 
1639124426345355065165 -1 -1 -1 1 1 -1 1 -1 1 1 1 1 1 1 -1 1 -1 1 -1 -1 1 1 -1 1 1 1 
164133439384612618401736 -1 -1 -1 1 1 -1 1 1 -1 -1 1 -1 -1 1 -1 1 -1 1 1 1 1 1 1 1 1 1 
161517403138162855413837 -1 -1 -1 1 1 -1 1 1 -1 -1 1 -1 -1 1 -1 1 1 1 1 1 1 1 -1 1 1 1 
16253219395114342507372 -1 -1 -1 1 1 -1 1 1 -1 -1 1 -1 1 -1 1 -1 1 1 -1 1 1 1 1 1 1 1 
1649392324824175014532 -1 -1 -1 1 1 -1 1 1 -1 -1 1 1 1 1 -1 1 -1 1 -1 1 1 -1 1 1 1 1 
16353334146164436303951 -1 -1 -1 1 1 -1 1 1 -1 1 -1 -1 1 1 -1 -1 1 1 1 1 -1 1 1 1 1 1 
16392444503413353063061 -1 -1 -1 1 1 -1 1 1 -1 1 -1 1 -1 1 -1 1 1 -1 1 1 1 1 1 -1 1 1 
16422971517427437443226 -1 -1 -1 1 1 -1 1 1 -1 1 1 -1 -1 -1 1 1 1 -1 1 -1 1 1 1 1 1 1 
1650481035241803410141751 -1 -1 -1 1 1 -1 1 1 1 -1 -1 1 1 -1 1 1 -1 1 1 -1 1 -1 1 1 1 1 
1629362529331822413522201 -1 -1 -1 1 1 -1 1 1 1 -1 1 1 1 1 1 -1 1 -1 1 -1 -1 1 -1 1 1 1 
16491319491373831369229 -1 -1 -1 1 1 -1 1 1 1 1 -1 -1 1 -1 1 -1 1 -1 1 1 -1 1 1 1 1 1 
16511137362585003451936 -1 -1 -1 1 1 -1 1 1 1 1 -1 1 -1 1 -1 -1 1 1 -1 1 1 -1 1 1 1 1 
1648181633342125423913221 -1 -1 -1 1 1 -1 1 1 1 1 -1 1 1 -1 1 -1 1 -1 1 -1 -1 1 1 1 1 1 
164461145192425261511247 -1 -1 -1 1 1 -1 1 1 1 1 -1 1 1 1 -1 1 -1 -1 1 -1 -1 1 1 1 1 1 
1643323239114452477472 -1 -1 -1 1 1 -1 1 1 1 1 1 -1 1 -1 1 -1 1 1 -1 1 1 -1 -1 1 1 1 
163931133263232437441634 -1 -1 -1 1 1 -1 1 1 1 1 1 1 -1 -1 1 -1 1 1 1 -1 1 -1 -1 1 1 1 
1641173331111618515414537 -1 -1 -1 1 1 -1 1 1 1 1 1 1 -1 -1 1 1 -1 1 -1 -1 1 1 -1 1 1 1 
1633222018292935122362541 -1 -1 -1 1 1 -1 1 1 1 1 1 1 -1 1 -1 1 1 -1 -1 1 -1 -1 1 1 1 1 
162422466123634234254335 -1 -1 -1 1 1 -1 1 1 1 1 1 1 1 -1 1 -1 -1 1 1 -1 1 -1 -1 1 1 1 
162532191718114612504447 -1 -1 -1 1 1 1 -1 -1 1 -1 -1 1 1 1 1 1 1 1 -1 1 1 -1 -1 1 1 1 
1612402512113044451938136 -1 -1 -1 1 1 1 -1 -1 1 -1 1 -1 -1 1 -1 1 1 1 -1 1 1 1 1 1 1 1 
164337817234145312452116 -1 -1 -1 1 1 1 -1 -1 1 -1 1 1 -1 1 1 -1 1 -1 1 -1 1 1 1 1 1 1 
1639112219212221528525139 -1 -1 -1 1 1 1 -1 -1 1 1 1 1 1 1 1 -1 -1 1 -1 -1 1 1 -1 1 1 1 
164016537385381715312841 -1 -1 -1 1 1 1 -1 1 1 -1 -1 1 1 -1 1 -1 -1 1 -1 1 1 1 1 1 1 1 
1650481035241803410141751 -1 -1 -1 1 1 1 -1 1 1 -1 -1 1 1 -1 1 1 -1 1 -1 1 1 -1 1 1 1 1 
16513633257321417037652 -1 -1 -1 1 1 1 -1 1 1 -1 1 1 -1 -1 1 1 -1 1 -1 1 1 -1 1 1 1 1 
1648181633342125423913221 -1 -1 -1 1 1 1 -1 1 1 1 -1 1 1 -1 1 -1 1 -1 -1 1 -1 1 1 1 1 1 
16474720263111840164737 -1 -1 -1 1 1 1 1 -1 -1 1 1 -1 -1 1 1 -1 1 1 -1 1 -1 1 1 1 1 1 
16343061339506135244430 -1 -1 -1 1 1 1 1 -1 1 -1 -1 1 -1 -1 1 1 -1 1 1 1 -1 1 1 1 1 1 
1648365049365054182311 -1 -1 -1 1 1 1 1 -1 1 1 -1 1 1 -1 1 -1 1 -1 1 -1 -1 1 1 1 1 1 
1615344724263923232720268 -1 -1 1 -1 -1 1 -1 1 -1 -1 1 1 1 -1 1 -1 1 1 1 -1 1 1 1 1 1 1 
161035275043292516914513 -1 -1 1 -1 -1 1 -1 1 -1 -1 1 1 1 1 1 1 1 -1 1 -1 1 1 1 -1 1 1 
16934183113444534943132 -1 -1 1 -1 -1 1 -1 1 -1 1 -1 -1 1 1 1 1 -1 -1 1 1 1 1 1 1 1 1 
16545245645441035202035 -1 -1 1 -1 -1 1 -1 1 -1 1 -1 -1 1 1 1 1 1 1 1 1 -1 -1 1 1 1 1 
163215344326487183819285 -1 -1 1 -1 -1 1 -1 1 -1 1 -1 1 1 1 1 -1 -1 1 1 -1 1 1 1 1 1 1 
1628213938221651292210234 -1 -1 1 -1 -1 1 -1 1 -1 1 1 1 1 -1 1 1 1 -1 -1 1 1 1 1 1 -1 1 
16243446311244343444332 -1 -1 1 -1 -1 1 -1 1 1 -1 1 1 1 -1 -1 1 1 1 1 1 -1 1 1 1 -1 1 
163838281540281515388543 -1 -1 1 -1 -1 1 -1 1 1 1 1 -1 1 -1 1 1 1 1 -1 -1 1 1 1 -1 1 1 
1642331414311623318303651 -1 -1 1 -1 -1 1 -1 1 1 1 1 1 -1 -1 1 1 1 1 -1 -1 1 1 -1 1 1 1 
163718333824939401840123 -1 -1 1 -1 -1 1 -1 1 1 1 1 1 1 -1 1 -1 1 -1 1 1 1 -1 -1 1 1 1 
1629341824443928231320328 -1 -1 1 -1 -1 1 -1 1 1 1 1 1 1 -1 1 -1 1 1 1 -1 1 -1 -1 1 1 1 
16822504645332113227288 -1 -1 1 -1 -1 1 -1 1 1 1 1 1 1 1 1 -1 1 -1 1 -1 1 1 -1 -1 1 1 
161547112347036621443528 -1 -1 1 -1 -1 1 1 -1 -1 1 -1 1 -1 1 1 1 1 1 1 1 -1 -1 1 1 1 1 
16381238441525928464034 -1 -1 1 -1 -1 1 1 -1 -1 1 1 1 -1 1 -1 1 1 -1 -1 1 1 1 1 1 1 1 
16383130926131137795249 -1 -1 1 -1 -1 1 1 -1 -1 1 1 1 1 -1 1 1 1 1 -1 -1 1 -1 1 1 1 1 
163043431831513194548215 -1 -1 1 -1 -1 1 1 -1 -1 1 1 1 1 -1 1 1 1 1 -1 1 -1 1 -1 1 1 1 
165364135522317222862025 -1 -1 1 -1 -1 1 1 -1 1 -1 -1 1 -1 1 -1 1 1 1 1 1 1 1 -1 1 1 1 
1620292241251292233183536 -1 -1 1 -1 -1 1 1 -1 1 -1 1 -1 -1 1 1 1 -1 -1 1 1 1 1 1 1 1 1 
16451813524919181318950 -1 -1 1 -1 -1 1 1 -1 1 -1 1 1 -1 1 1 1 -1 -1 1 -1 1 1 1 1 1 1 
162438431545282115882343 -1 -1 1 -1 -1 1 1 -1 1 -1 1 1 1 1 1 1 -1 1 1 -1 1 -1 -1 1 1 1 
16482934114024232547264 -1 -1 1 -1 -1 1 1 -1 1 1 1 1 -1 1 -1 1 -1 1 1 1 -1 -1 1 1 1 1 
1625133421393316212184842 -1 -1 1 -1 -1 1 1 1 -1 -1 1 -1 1 1 -1 -1 1 -1 1 1 1 1 1 1 1 1 
1635412922223620182513329 -1 -1 1 -1 -1 1 1 1 -1 -1 1 -1 1 1 -1 1 -1 1 1 1 -1 1 1 1 1 1 
16385217242818351423442 -1 -1 1 -1 -1 1 1 1 -1 -1 1 -1 1 1 1 -1 1 1 1 1 -1 -1 1 1 1 1 
16429204639121213345044 -1 -1 1 -1 -1 1 1 1 -1 1 1 -1 -1 1 -1 1 1 -1 -1 1 1 1 1 1 1 1 
16512317323827161721192130 -1 -1 1 -1 -1 1 1 1 -1 1 1 1 -1 1 -1 1 1 -1 1 -1 -1 1 1 1 1 1 
1637539153219164313182648 -1 -1 1 -1 -1 1 1 1 -1 1 1 1 1 1 1 -1 -1 1 -1 1 -1 -1 1 1 1 1 
1639191348264332537151618 -1 -1 1 -1 -1 1 1 1 1 -1 -1 1 -1 1 -1 1 -1 1 1 -1 1 1 1 1 1 1 
164981934120382436232239 -1 -1 1 -1 -1 1 1 1 1 -1 -1 1 1 1 -1 -1 1 -1 1 -1 1 1 1 1 1 1 
164213144931372331189369 -1 -1 1 -1 -1 1 1 1 1 -1 1 -1 -1 1 -1 1 -1 1 1 1 -1 1 1 1 1 1 
161245252611474451192416 -1 -1 1 -1 1 -1 -1 1 -1 1 -1 1 -1 1 1 1 1 1 1 1 -1 -1 1 1 1 1 
16125046182283252461719 -1 -1 1 -1 1 -1 -1 1 -1 1 -1 1 1 1 -1 1 1 1 1 1 1 -1 -1 1 1 1 
16343948223211650227429 -1 -1 1 -1 1 -1 -1 1 -1 1 1 1 -1 1 1 1 -1 1 1 1 -1 -1 1 1 1 1 
162143453888431523152428 -1 -1 1 -1 1 -1 -1 1 -1 1 1 1 -1 1 1 1 1 1 -1 1 1 -1 -1 1 1 1 
1614144402550122411231922 -1 -1 1 -1 1 -1 -1 1 -1 1 1 1 1 1 1 1 -1 1 1 1 -1 1 -1 -1 1 1 
163231289181329374491349 -1 -1 1 -1 1 -1 -1 1 1 1 -1 -1 1 -1 1 1 1 -1 -1 1 1 1 1 1 1 1 
16400474514147262222614 -1 -1 1 -1 1 -1 -1 1 1 1 -1 1 -1 1 1 -1 -1 1 -1 1 1 1 1 1 1 1 
16501832128414536829222 -1 -1 1 -1 1 -1 -1 1 1 1 1 -1 1 -1 1 1 1 -1 -1 1 -1 1 1 1 1 1 
163435385028292616321473 -1 -1 1 -1 1 -1 1 -1 1 1 -1 -1 1 1 -1 1 -1 1 1 -1 1 1 1 1 1 1 
1630527125219263938111115 -1 -1 1 -1 1 -1 1 -1 1 1 -1 -1 1 1 1 1 1 1 -1 -1 1 1 1 1 -1 1 
16324224523371821365114 -1 -1 1 -1 1 -1 1 -1 1 1 -1 -1 1 1 1 1 1 1 1 -1 -1 1 -1 1 1 1 
1641473628935462827753 -1 -1 1 -1 1 -1 1 -1 1 1 -1 1 -1 1 1 1 1 -1 -1 1 1 1 1 -1 1 1 
164744350152321283647116 -1 -1 1 -1 1 -1 1 -1 1 1 1 1 -1 -1 1 1 1 1 -1 -1 1 1 -1 1 1 1 
162136452981843412322241 -1 -1 1 -1 1 -1 1 -1 1 1 1 1 1 1 1 -1 -1 1 1 1 -1 -1 1 1 -1 1 
1647394523224371144732 -1 -1 1 -1 1 -1 1 1 -1 -1 1 1 1 1 -1 -1 1 1 -1 1 1 -1 1 1 1 1 
163443432124149121231447 -1 -1 1 -1 1 -1 1 1 -1 -1 1 1 1 1 -1 -1 1 1 1 1 1 -1 1 1 -1 1 
1646492029122911224241947 -1 -1 1 -1 1 -1 1 1 -1 1 1 -1 -1 1 1 -1 1 1 1 1 -1 -1 1 1 1 1 
162151343352303614531516 -1 -1 1 -1 1 -1 1 1 -1 1 1 1 -1 1 1 1 1 1 -1 1 -1 -1 1 1 -1 1 
164319344846432451215418 -1 -1 1 -1 1 -1 1 1 -1 1 1 1 1 1 -1 1 -1 -1 1 1 -1 1 1 1 -1 1 
164034239174324342271921 -1 -1 1 -1 1 -1 1 1 1 -1 -1 1 1 -1 1 -1 -1 1 1 1 1 1 1 1 -1 1 
163849134313510174832125 -1 -1 1 -1 1 -1 1 1 1 -1 -1 1 1 -1 1 1 1 1 1 -1 -1 1 1 1 -1 1 
1635515334482041227640 -1 -1 1 -1 1 -1 1 1 1 -1 -1 1 1 1 1 1 1 -1 -1 1 1 -1 1 1 -1 1 
163940134026183293731638 -1 -1 1 -1 1 -1 1 1 1 1 1 1 -1 -1 1 1 -1 1 1 -1 1 -1 -1 1 1 1 
16141849454314342012241226 -1 -1 1 -1 1 -1 1 1 1 1 1 1 1 1 -1 1 -1 -1 1 -1 1 1 -1 -1 1 1 
163824302326811207395234 -1 -1 1 -1 1 1 -1 -1 1 -1 1 1 1 -1 -1 1 1 -1 -1 1 1 1 1 1 1 1 
163234263137441331643932 -1 -1 1 -1 1 1 -1 -1 1 -1 1 1 1 -1 -1 1 1 -1 1 1 1 1 1 1 -1 1 
16273493151444331042532 -1 -1 1 -1 1 1 -1 -1 1 -1 1 1 1 1 1 1 1 -1 1 -1 -1 1 1 1 -1 1 
16383432317442833442632 -1 -1 1 -1 1 1 -1 -1 1 1 1 -1 1 1 1 1 1 -1 1 -1 -1 1 -1 1 1 1 
16494099453831318181340 -1 -1 1 -1 1 1 -1 1 -1 -1 1 1 1 -1 1 1 1 -1 1 -1 -1 1 1 1 1 1 
1649381929134381036162221 -1 -1 1 -1 1 1 -1 1 -1 1 -1 1 1 1 1 1 -1 -1 1 1 -1 -1 1 1 1 1 
1647512733263026141532316 -1 -1 1 -1 1 1 -1 1 1 -1 1 -1 1 1 1 -1 1 1 1 -1 -1 1 -1 1 1 1 
16493050499184045361110 -1 -1 1 -1 1 1 -1 1 1 1 -1 1 -1 1 -1 1 1 -1 1 1 1 1 -1 -1 1 1 
16443963335412202030537 -1 -1 1 -1 1 1 1 -1 -1 1 -1 1 1 1 -1 -1 1 1 -1 1 1 1 1 1 -1 1 
16513722922313913249289 -1 -1 1 -1 1 1 1 -1 -1 1 1 1 -1 1 -1 1 1 -1 -1 1 -1 1 1 1 1 1 
16493938343621237243173 -1 -1 1 -1 1 1 1 -1 1 -1 1 1 -1 -1 1 1 1 -1 1 1 -1 1 1 1 -1 1 
1651493337730143604861 -1 -1 1 -1 1 1 1 -1 1 -1 1 1 -1 1 -1 1 1 1 -1 -1 1 1 1 -1 1 1 
165150251627310144329935 -1 -1 1 -1 1 1 1 1 -1 -1 1 1 1 -1 1 -1 1 1 -1 -1 1 1 -1 1 1 1 
