16272535162848334473928 -1 -1 -1 1 -1 -1 -1 1 -1 1 1 -1 1 1 1 1 1 -1 -1 1 1 1 1 1 1 1 
168105021452523132482811 -1 -1 -1 1 -1 -1 -1 1 -1 1 1 1 1 -1 1 1 1 -1 1 1 -1 1 1 1 1 1 
16134939272342433251110 -1 -1 -1 1 -1 -1 -1 1 1 -1 1 -1 1 1 1 1 1 1 -1 1 -1 1 1 1 1 1 
16226402247026414714145 -1 -1 -1 1 -1 -1 -1 1 1 -1 1 1 -1 1 -1 1 1 1 1 -1 1 1 1 1 1 1 
16186494031913379134543 -1 -1 -1 1 -1 -1 -1 1 1 -1 1 1 1 1 -1 1 1 -1 1 1 -1 1 1 1 1 1 
16237364121234232451851 -1 -1 -1 1 -1 -1 -1 1 1 -1 1 1 1 1 -1 1 1 1 1 1 -1 -1 1 1 1 1 
16222495023917738213639 -1 -1 -1 1 -1 -1 -1 1 1 -1 1 1 1 1 1 1 -1 1 1 -1 1 1 -1 1 1 1 
161839281315204350384215 -1 -1 -1 1 -1 -1 -1 1 1 1 -1 1 -1 -1 1 1 1 -1 1 1 1 1 1 1 1 1 
162291334316303531504514 -1 -1 -1 1 -1 -1 -1 1 1 1 -1 1 -1 -1 1 1 1 1 1 -1 1 1 1 1 1 1 
161318373816926403940323 -1 -1 -1 1 -1 -1 -1 1 1 1 -1 1 -1 1 1 -1 1 1 1 -1 1 1 1 1 1 1 
1616183933221344248132521 -1 -1 -1 1 -1 -1 -1 1 1 1 -1 1 1 -1 1 -1 1 1 1 1 -1 1 1 1 1 1 
161920363922241849343823 -1 -1 -1 1 -1 -1 -1 1 1 1 -1 1 1 -1 1 1 1 -1 1 1 -1 1 1 1 1 1 
161533983011252236464827 -1 -1 -1 1 -1 -1 -1 1 1 1 -1 1 1 -1 1 1 1 1 1 -1 -1 1 1 1 1 1 
1618111361522332945414118 -1 -1 -1 1 -1 -1 -1 1 1 1 -1 1 1 1 1 1 1 -1 1 -1 -1 1 1 1 1 1 
1614141803622314542262341 -1 -1 -1 1 -1 -1 -1 1 1 1 1 -1 -1 1 -1 1 1 1 1 -1 1 1 1 1 1 1 
1618131313230442429502830 -1 -1 -1 1 -1 -1 -1 1 1 1 1 -1 1 -1 -1 1 1 1 1 1 -1 1 1 1 1 1 
162421173227423919344043 -1 -1 -1 1 -1 -1 -1 1 1 1 1 -1 1 1 -1 1 1 1 1 -1 -1 1 1 1 1 1 
162813836522402938411518 -1 -1 -1 1 -1 -1 -1 1 1 1 1 -1 1 1 1 -1 1 1 -1 1 -1 1 1 1 1 1 
