16381238441525928464034 -1 -1 1 -1 -1 1 1 -1 -1 1 1 1 -1 1 -1 1 1 -1 -1 1 1 1 1 1 1 1 
16383130926131137795249 -1 -1 1 -1 -1 1 1 -1 -1 1 1 1 1 -1 1 1 1 1 -1 -1 1 -1 1 1 1 1 
163043431831513194548215 -1 -1 1 -1 -1 1 1 -1 -1 1 1 1 1 -1 1 1 1 1 -1 1 -1 1 -1 1 1 1 
1644164516511671633163516 -1 -1 1 -1 -1 1 1 -1 -1 1 1 1 1 1 -1 1 -1 1 -1 1 1 -1 1 1 1 1 
16251230443629948461534 -1 -1 1 -1 -1 1 1 -1 -1 1 1 1 1 1 1 1 1 -1 -1 1 -1 1 -1 1 1 1 
165364135522317222862025 -1 -1 1 -1 -1 1 1 -1 1 -1 -1 1 -1 1 -1 1 1 1 1 1 1 1 -1 1 1 1 
1631473604231181823161437 -1 -1 1 -1 -1 1 1 -1 1 -1 -1 1 1 1 1 -1 1 -1 1 1 1 1 -1 1 1 1 
1620292241251292233183536 -1 -1 1 -1 -1 1 1 -1 1 -1 1 -1 -1 1 1 1 -1 -1 1 1 1 1 1 1 1 1 
1616391243261065113233934 -1 -1 1 -1 -1 1 1 -1 1 -1 1 -1 -1 1 1 1 1 1 1 1 1 -1 -1 1 1 1 
163136451818499101330494 -1 -1 1 -1 -1 1 1 -1 1 -1 1 -1 1 1 -1 -1 1 1 1 1 -1 1 1 1 1 1 
163649233114942931371813 -1 -1 1 -1 -1 1 1 -1 1 -1 1 -1 1 1 1 1 -1 1 1 1 -1 -1 1 1 1 1 
16285244121319183932112915 -1 -1 1 -1 -1 1 1 -1 1 -1 1 -1 1 1 1 1 -1 1 1 1 1 -1 -1 1 1 1 
16451813524919181318950 -1 -1 1 -1 -1 1 1 -1 1 -1 1 1 -1 1 1 1 -1 -1 1 -1 1 1 1 1 1 1 
