1648211621344225183933213 -1 -1 1 -1 -1 1 -1 1 1 1 1 -1 1 -1 1 -1 1 1 1 -1 -1 1 1 1 1 1 
1639366411244164926171313 -1 -1 1 -1 -1 1 -1 1 1 1 1 -1 1 -1 1 -1 1 1 1 1 1 -1 -1 1 1 1 
16472127382616262915102334 -1 -1 1 -1 -1 1 -1 1 1 1 1 -1 1 -1 1 1 1 -1 -1 1 1 -1 1 1 1 1 
163838281540281515388543 -1 -1 1 -1 -1 1 -1 1 1 1 1 -1 1 -1 1 1 1 1 -1 -1 1 1 1 -1 1 1 
1647027452641262615222314 -1 -1 1 -1 -1 1 -1 1 1 1 1 -1 1 1 1 -1 1 -1 1 -1 -1 1 1 1 1 1 
1646289282733675354147 -1 -1 1 -1 -1 1 -1 1 1 1 1 1 -1 -1 1 1 -1 1 1 1 -1 -1 1 1 1 1 
1642331414311623318303651 -1 -1 1 -1 -1 1 -1 1 1 1 1 1 -1 -1 1 1 1 1 -1 -1 1 1 -1 1 1 1 
16283923423430145512351 -1 -1 1 -1 -1 1 -1 1 1 1 1 1 -1 -1 1 1 1 1 -1 1 1 1 -1 -1 1 1 
163718333824939401840123 -1 -1 1 -1 -1 1 -1 1 1 1 1 1 1 -1 1 -1 1 -1 1 1 1 -1 -1 1 1 1 
163955041421713161372031 -1 -1 1 -1 -1 1 -1 1 1 1 1 1 1 -1 1 -1 1 1 -1 -1 1 1 1 -1 1 1 
1629341824443928231320328 -1 -1 1 -1 -1 1 -1 1 1 1 1 1 1 -1 1 -1 1 1 1 -1 1 -1 -1 1 1 1 
161336313545234322263025 -1 -1 1 -1 -1 1 -1 1 1 1 1 1 1 -1 1 1 1 1 -1 -1 1 -1 1 -1 1 1 
163216341426357293832850 -1 -1 1 -1 -1 1 -1 1 1 1 1 1 1 1 -1 -1 1 1 1 -1 -1 1 -1 1 1 1 
