1639501913342710183136314 -1 -1 -1 -1 -1 1 -1 1 1 1 1 1 1 -1 1 1 -1 1 -1 1 1 -1 -1 1 1 1 
16522846432915838515248 -1 -1 -1 -1 -1 1 -1 1 1 1 1 1 1 -1 1 1 -1 1 1 1 -1 -1 -1 1 1 1 
16435043512112155353926 -1 -1 -1 -1 -1 1 1 -1 -1 -1 1 1 1 1 -1 1 -1 1 -1 1 1 1 1 1 1 1 
16523746172941831552416 -1 -1 -1 -1 -1 1 1 -1 -1 1 -1 1 -1 1 1 1 -1 -1 1 1 1 1 1 1 1 1 
16383832407328403492618 -1 -1 -1 -1 -1 1 1 -1 -1 1 -1 1 1 1 -1 1 -1 1 1 -1 1 1 1 1 1 1 
164024503761418144347812 -1 -1 -1 -1 -1 1 1 -1 -1 1 -1 1 1 1 1 1 -1 1 -1 1 1 -1 1 1 1 1 
16363149938132237199149 -1 -1 -1 -1 -1 1 1 -1 -1 1 1 -1 1 -1 1 1 1 -1 1 -1 1 1 1 1 1 1 
16342818421735385242142 -1 -1 -1 -1 -1 1 1 -1 -1 1 1 -1 1 1 1 -1 1 -1 1 1 1 -1 1 1 1 1 
16487214318394921203834 -1 -1 -1 -1 -1 1 1 -1 -1 1 1 -1 1 1 1 1 -1 1 1 1 -1 1 -1 1 1 1 
165213114630838462618717 -1 -1 -1 -1 -1 1 1 -1 -1 1 1 1 -1 1 -1 1 1 1 1 1 -1 1 1 -1 1 1 
1635515334482041227640 -1 -1 -1 -1 -1 1 1 -1 -1 1 1 1 1 -1 1 -1 1 -1 1 1 1 1 1 -1 1 1 
1630387295234261038161121 -1 -1 -1 -1 -1 1 1 -1 -1 1 1 1 1 -1 1 1 -1 1 -1 1 1 1 -1 1 1 1 
163033294128402271281151 -1 -1 -1 -1 -1 1 1 -1 -1 1 1 1 1 -1 1 1 1 -1 1 -1 1 -1 1 1 1 1 
1644142547412419146123037 -1 -1 -1 -1 -1 1 1 -1 -1 1 1 1 1 -1 1 1 1 1 -1 1 -1 1 -1 1 1 1 
163350133040141300133724 -1 -1 -1 -1 -1 1 1 -1 -1 1 1 1 1 1 -1 1 -1 1 -1 1 1 1 1 -1 1 1 
163951355134382011251610 -1 -1 -1 -1 -1 1 1 -1 -1 1 1 1 1 1 1 1 -1 1 -1 1 -1 -1 1 1 1 1 
1651342221221039382292816 -1 -1 -1 -1 -1 1 1 -1 -1 1 1 1 1 1 1 1 -1 1 -1 1 -1 1 1 -1 1 1 
1649453820362623242141718 -1 -1 -1 -1 -1 1 1 -1 -1 1 1 1 1 1 1 1 1 -1 -1 1 -1 1 -1 1 1 1 
