162267231235462532364622 -1 -1 -1 -1 -1 1 1 1 -1 1 -1 1 1 -1 -1 1 1 1 1 -1 1 1 1 1 1 1 
16242857494724351734528 -1 -1 -1 -1 -1 1 1 1 -1 1 -1 1 1 1 1 -1 1 1 -1 1 1 -1 1 1 1 1 
161826440113174634363839 -1 -1 -1 -1 -1 1 1 1 -1 1 1 -1 -1 1 1 1 1 -1 1 1 1 1 -1 1 1 1 
16255198513634365011370 -1 -1 -1 -1 -1 1 1 1 -1 1 1 -1 1 -1 1 -1 1 1 1 1 1 -1 1 1 1 1 
163087345220262438231139 -1 -1 -1 -1 -1 1 1 1 -1 1 1 -1 1 -1 1 1 -1 1 1 1 -1 1 1 1 1 1 
1622833223527254620112933 -1 -1 -1 -1 -1 1 1 1 -1 1 1 -1 1 -1 1 1 -1 1 1 1 1 1 -1 1 1 1 
1620294471922124946291124 -1 -1 -1 -1 -1 1 1 1 -1 1 1 -1 1 -1 1 1 1 1 -1 1 1 1 -1 1 1 1 
1625133421393316212184842 -1 -1 -1 -1 -1 1 1 1 -1 1 1 -1 1 1 -1 1 1 -1 1 1 1 1 -1 1 1 1 
1626142601522274523264741 -1 -1 -1 -1 -1 1 1 1 -1 1 1 -1 1 1 1 1 -1 -1 1 1 1 1 -1 1 1 1 
162821231501184845253210 -1 -1 -1 -1 -1 1 1 1 -1 1 1 1 -1 1 1 1 -1 1 1 -1 1 -1 1 1 1 1 
16342254263402948114247 -1 -1 -1 -1 -1 1 1 1 -1 1 1 1 1 -1 -1 1 1 1 -1 1 1 -1 1 1 1 1 
16340618393761635314447 -1 -1 -1 -1 -1 1 1 1 -1 1 1 1 1 -1 1 1 -1 1 1 -1 -1 1 1 1 1 1 
1622102162838223451213929 -1 -1 -1 -1 -1 1 1 1 -1 1 1 1 1 1 -1 1 1 1 -1 -1 1 -1 1 1 1 1 
