16252834283931672354847 -1 -1 -1 1 -1 -1 1 1 -1 -1 1 1 1 1 -1 1 1 -1 1 1 -1 1 1 1 1 1 
16242938113223034747464 -1 -1 -1 1 -1 -1 1 1 -1 -1 1 1 1 1 1 -1 1 -1 1 1 1 -1 1 1 1 1 
1627232132312741742194130 -1 -1 -1 1 -1 -1 1 1 -1 -1 1 1 1 1 1 -1 1 1 -1 1 -1 1 1 1 1 1 
16193736922311134949389 -1 -1 -1 1 -1 -1 1 1 -1 -1 1 1 1 1 1 -1 1 1 1 -1 1 -1 1 1 1 1 
1692852841327746353647 -1 -1 -1 1 -1 -1 1 1 -1 -1 1 1 1 1 1 1 1 1 -1 1 -1 -1 1 1 1 1 
16143423193112627433226 -1 -1 -1 1 -1 -1 1 1 -1 1 -1 -1 1 1 1 -1 1 1 1 1 1 1 -1 1 1 1 
16142672904433156435142 -1 -1 -1 1 -1 -1 1 1 -1 1 -1 -1 1 1 1 1 -1 -1 1 1 1 1 1 1 1 1 
16737632512505214363317 -1 -1 -1 1 -1 -1 1 1 -1 1 -1 1 -1 -1 1 1 1 1 1 -1 1 1 1 1 1 1 
16238134043330403194518 -1 -1 -1 1 -1 -1 1 1 -1 1 -1 1 -1 -1 1 1 1 1 1 1 1 -1 1 1 1 1 
16151336493437213152959 -1 -1 -1 1 -1 -1 1 1 -1 1 -1 1 -1 1 1 -1 1 -1 1 1 1 1 1 1 1 1 
161340373716432613399326 -1 -1 -1 1 -1 -1 1 1 -1 1 -1 1 -1 1 1 -1 1 1 1 1 1 -1 1 1 1 1 
16213514939372831229229 -1 -1 -1 1 -1 -1 1 1 -1 1 -1 1 1 -1 1 -1 1 1 1 1 1 1 1 1 -1 1 
16253344739716282284835 -1 -1 -1 1 -1 -1 1 1 -1 1 -1 1 1 -1 1 1 -1 -1 1 1 1 1 1 1 1 1 
1626372347471615026182731 -1 -1 -1 1 -1 -1 1 1 -1 1 -1 1 1 -1 1 1 1 -1 1 1 -1 1 1 1 1 1 
165304149521817428362010 -1 -1 -1 1 -1 -1 1 1 -1 1 -1 1 1 -1 1 1 1 -1 1 1 1 1 1 1 -1 1 
1628164431130183732472918 -1 -1 -1 1 -1 -1 1 1 -1 1 -1 1 1 1 -1 -1 1 1 1 -1 1 1 1 1 1 1 
16321922504614618752128 -1 -1 -1 1 -1 -1 1 1 -1 1 -1 1 1 1 -1 1 1 -1 1 -1 1 1 1 1 1 1 
1623452626271447222641150 -1 -1 -1 1 -1 -1 1 1 -1 1 -1 1 1 1 -1 1 1 1 1 -1 1 -1 1 1 1 1 
1632222841184529144401326 -1 -1 -1 1 -1 -1 1 1 -1 1 -1 1 1 1 1 -1 1 -1 1 1 -1 1 1 1 1 1 
16341665139363335144430 -1 -1 -1 1 -1 -1 1 1 -1 1 -1 1 1 1 1 -1 1 1 -1 -1 1 1 1 1 1 1 
16840375123279332641108 -1 -1 -1 1 -1 -1 1 1 -1 1 -1 1 1 1 1 -1 1 1 1 -1 1 1 1 1 -1 1 
1620322817333071927274923 -1 -1 -1 1 -1 -1 1 1 -1 1 -1 1 1 1 1 1 -1 -1 1 1 1 1 1 -1 1 1 
16122014243418121449264345 -1 -1 -1 1 -1 -1 1 1 -1 1 1 -1 -1 -1 1 1 1 1 -1 1 1 1 1 1 1 1 
161830494931181349364510 -1 -1 -1 1 -1 -1 1 1 -1 1 1 -1 1 -1 1 1 1 -1 1 1 1 1 1 -1 1 1 
1630387295234261038161121 -1 -1 -1 1 -1 -1 1 1 -1 1 1 -1 1 -1 1 1 1 1 -1 1 -1 1 1 1 1 1 
16244752849352428177453 -1 -1 -1 1 -1 -1 1 1 -1 1 1 -1 1 -1 1 1 1 1 1 -1 1 -1 1 1 1 1 
1626155252381171211393019 -1 -1 -1 1 -1 -1 1 1 -1 1 1 1 -1 1 -1 1 1 -1 1 1 1 1 1 -1 1 1 
161239343449211474343123 -1 -1 -1 1 -1 -1 1 1 -1 1 1 1 -1 1 -1 1 1 1 1 1 1 -1 1 -1 1 1 
1665039513512654453426 -1 -1 -1 1 -1 -1 1 1 -1 1 1 1 -1 1 1 1 1 1 -1 1 1 -1 1 -1 1 1 
16382474463322924113047 -1 -1 -1 1 -1 -1 1 1 -1 1 1 1 1 -1 -1 1 -1 1 1 1 1 -1 1 1 1 1 
16211751191623212717303832 -1 -1 -1 1 -1 -1 1 1 -1 1 1 1 1 -1 -1 1 1 1 1 -1 1 1 1 1 -1 1 
162133391443163315304351 -1 -1 -1 1 -1 -1 1 1 -1 1 1 1 1 -1 -1 1 1 1 1 1 -1 1 1 -1 1 1 
16253484742292623444011 -1 -1 -1 1 -1 -1 1 1 -1 1 1 1 1 -1 1 -1 1 1 -1 1 1 1 1 1 -1 1 
1627354134628547362897 -1 -1 -1 1 -1 -1 1 1 -1 1 1 1 1 -1 1 -1 1 1 1 1 -1 1 -1 1 1 1 
16341460392264535264441 -1 -1 -1 1 -1 -1 1 1 -1 1 1 1 1 -1 1 1 1 1 -1 -1 -1 1 1 1 1 1 
16163038232119173221175127 -1 -1 -1 1 -1 -1 1 1 -1 1 1 1 1 -1 1 1 1 1 -1 -1 1 1 1 1 -1 1 
16247493517285345472428 -1 -1 -1 1 -1 -1 1 1 -1 1 1 1 1 1 -1 -1 1 1 1 -1 1 1 1 1 -1 1 
1636104916383822341921129 -1 -1 -1 1 -1 -1 1 1 -1 1 1 1 1 1 -1 1 -1 1 1 -1 1 -1 1 1 1 1 
16231951273432163030231117 -1 -1 -1 1 -1 -1 1 1 -1 1 1 1 1 1 1 -1 1 -1 1 1 -1 1 -1 1 1 1 
