1623162631270473726471518 -1 -1 -1 1 1 -1 -1 1 -1 1 -1 1 1 1 -1 -1 1 -1 1 1 1 1 1 1 1 1 
1628454426131418223241290 -1 -1 -1 1 1 -1 -1 1 -1 1 -1 1 1 1 -1 1 1 -1 1 1 1 -1 1 1 1 1 
1633251836126243537223923 -1 -1 -1 1 1 -1 -1 1 -1 1 -1 1 1 1 1 -1 -1 1 1 -1 1 1 1 1 1 1 
163231848210282550114521 -1 -1 -1 1 1 -1 -1 1 -1 1 -1 1 1 1 1 1 1 -1 -1 1 1 -1 1 1 1 1 
1673438211110523830292616 -1 -1 -1 1 1 -1 -1 1 -1 1 -1 1 1 1 1 1 1 1 1 -1 1 -1 -1 1 1 1 
16204544102355206453545 -1 -1 -1 1 1 -1 -1 1 -1 1 1 -1 -1 1 1 -1 1 1 1 1 -1 1 1 1 1 1 
1615314737261823472702616 -1 -1 -1 1 1 -1 -1 1 -1 1 1 -1 1 -1 1 -1 1 1 1 1 1 1 1 -1 1 1 
16185049183181352914519 -1 -1 -1 1 1 -1 -1 1 -1 1 1 -1 1 -1 1 1 1 1 1 -1 1 1 1 -1 1 1 
16243746131263494434340 -1 -1 -1 1 1 -1 -1 1 -1 1 1 -1 1 1 -1 -1 1 1 1 1 1 1 -1 1 1 1 
1637353322242539618231236 -1 -1 -1 1 1 -1 -1 1 -1 1 1 -1 1 1 1 -1 1 1 -1 1 -1 1 1 1 1 1 
16253143393227451441034 -1 -1 -1 1 1 -1 -1 1 -1 1 1 1 -1 -1 1 -1 1 1 1 1 1 1 -1 1 1 1 
1625213418391316332424821 -1 -1 -1 1 1 -1 -1 1 -1 1 1 1 -1 1 -1 -1 1 1 1 1 1 1 1 -1 1 1 
16363752953134131549219 -1 -1 -1 1 1 -1 -1 1 -1 1 1 1 -1 1 -1 1 1 -1 1 1 1 -1 1 1 1 1 
16314045401818991334938 -1 -1 -1 1 1 -1 -1 1 -1 1 1 1 -1 1 1 -1 1 1 -1 1 1 1 1 -1 1 1 
16441361630342439503530 -1 -1 -1 1 1 -1 -1 1 -1 1 1 1 -1 1 1 1 1 -1 -1 -1 1 1 1 1 1 1 
1632182619371513481653943 -1 -1 -1 1 1 -1 -1 1 -1 1 1 1 1 -1 -1 1 -1 1 1 1 1 1 1 -1 1 1 
163822326736282334252635 -1 -1 -1 1 1 -1 -1 1 -1 1 1 1 1 -1 1 -1 -1 1 1 1 1 1 -1 1 1 1 
1644143202922134528261841 -1 -1 -1 1 1 -1 -1 1 -1 1 1 1 1 -1 1 1 1 -1 -1 1 -1 1 1 1 1 1 
161504482517124711321946 -1 -1 -1 1 1 -1 -1 1 -1 1 1 1 1 -1 1 1 1 1 1 1 -1 1 -1 -1 1 1 
16389113369194922314937 -1 -1 -1 1 1 -1 -1 1 -1 1 1 1 1 1 -1 -1 -1 1 1 1 1 1 1 -1 1 1 
164118281020452305491736 -1 -1 -1 1 1 -1 -1 1 -1 1 1 1 1 1 -1 -1 1 -1 1 1 1 1 -1 1 1 1 
162544359203433462922212 -1 -1 -1 1 1 -1 -1 1 -1 1 1 1 1 1 -1 1 -1 1 1 1 1 -1 1 -1 1 1 
163822381815295128364041 -1 -1 -1 1 1 -1 -1 1 -1 1 1 1 1 1 1 -1 -1 1 1 -1 1 1 -1 1 1 1 
1626026181537271623314747 -1 -1 -1 1 1 -1 -1 1 -1 1 1 1 1 1 1 1 1 -1 -1 1 -1 -1 1 1 1 1 
16114239288216423552335 -1 -1 -1 1 1 -1 -1 1 1 -1 -1 1 -1 1 -1 1 1 1 1 1 1 -1 1 1 1 1 
16235210458126199383746 -1 -1 -1 1 1 -1 -1 1 1 -1 -1 1 -1 1 1 1 1 1 -1 1 1 -1 1 1 1 1 
