16944103225351342731434 -1 -1 -1 1 -1 1 -1 1 1 -1 -1 1 1 1 1 1 1 1 1 -1 1 -1 -1 1 1 1 
16192841476442523306440 -1 -1 -1 1 -1 1 -1 1 1 -1 1 -1 -1 1 1 -1 1 1 1 1 1 1 -1 1 1 1 
162253649132234332171835 -1 -1 -1 1 -1 1 -1 1 1 -1 1 -1 -1 1 1 1 1 1 1 1 1 1 -1 -1 1 1 
16342643181224494512201414 -1 -1 -1 1 -1 1 -1 1 1 -1 1 -1 1 1 -1 -1 1 1 1 1 -1 1 1 1 1 1 
163916155143343332114330 -1 -1 -1 1 -1 1 -1 1 1 -1 1 -1 1 1 -1 1 1 -1 -1 1 1 1 1 1 1 1 
1634213794750939422337 -1 -1 -1 1 -1 1 -1 1 1 -1 1 1 -1 -1 1 -1 1 1 1 1 -1 1 1 1 1 1 
164033583811382215462827 -1 -1 -1 1 -1 1 -1 1 1 -1 1 1 -1 -1 1 1 1 1 -1 -1 1 1 1 1 1 1 
16393144373418354760616 -1 -1 -1 1 -1 1 -1 1 1 -1 1 1 -1 1 -1 1 1 -1 1 1 1 -1 1 1 1 1 
164237201739411311355016 -1 -1 -1 1 -1 1 -1 1 1 -1 1 1 -1 1 1 -1 1 1 1 -1 -1 1 1 1 1 1 
161836493531231322964525 -1 -1 -1 1 -1 1 -1 1 1 -1 1 1 -1 1 1 -1 1 1 1 1 1 1 -1 -1 1 1 
16274820403561732941333 -1 -1 -1 1 -1 1 -1 1 1 -1 1 1 -1 1 1 1 1 1 -1 -1 1 1 1 -1 1 1 
1618511333323044142932816 -1 -1 -1 1 -1 1 -1 1 1 -1 1 1 -1 1 1 1 1 1 1 -1 1 -1 -1 1 1 1 
1665039513512654453426 -1 -1 -1 1 -1 1 -1 1 1 -1 1 1 -1 1 1 1 1 1 1 -1 1 1 -1 -1 1 1 
1644164516511671633163516 -1 -1 -1 1 -1 1 -1 1 1 -1 1 1 1 -1 -1 1 1 -1 1 1 -1 1 1 1 1 1 
1620264818492484521201814 -1 -1 -1 1 -1 1 -1 1 1 -1 1 1 1 -1 -1 1 1 1 1 1 1 -1 1 1 -1 1 
163046481115836272533922 -1 -1 -1 1 -1 1 -1 1 1 -1 1 1 1 -1 1 1 -1 1 1 1 1 -1 -1 1 1 1 
16451813384991840314093 -1 -1 -1 1 -1 1 -1 1 1 -1 1 1 1 -1 1 1 1 -1 -1 1 -1 1 1 1 1 1 
1624940314792694737113 -1 -1 -1 1 -1 1 -1 1 1 -1 1 1 1 -1 1 1 1 1 1 1 -1 1 -1 -1 1 1 
16373539103233162813122630 -1 -1 -1 1 -1 1 -1 1 1 -1 1 1 1 1 -1 1 1 -1 1 1 -1 -1 1 1 1 1 
1643532813645364711470 -1 -1 -1 1 -1 1 -1 1 1 -1 1 1 1 1 1 -1 -1 -1 1 1 1 1 -1 1 1 1 
164563023133522543363122 -1 -1 -1 1 -1 1 -1 1 1 -1 1 1 1 1 1 -1 -1 1 1 -1 -1 1 1 1 1 1 
164085283815384315382815 -1 -1 -1 1 -1 1 -1 1 1 -1 1 1 1 1 1 -1 1 1 -1 -1 -1 1 1 1 1 1 
1625251123919283922112215 -1 -1 -1 1 -1 1 -1 1 1 -1 1 1 1 1 1 -1 1 1 1 1 -1 1 -1 -1 1 1 
1616423913218342148212533 -1 -1 -1 1 -1 1 -1 1 1 -1 1 1 1 1 1 1 -1 -1 1 1 1 1 -1 -1 1 1 
1615414122183645183311129 -1 -1 -1 1 -1 1 -1 1 1 -1 1 1 1 1 1 1 -1 1 1 -1 1 -1 -1 1 1 1 
1643934229213350377479 -1 -1 -1 1 -1 1 -1 1 1 -1 1 1 1 1 1 1 1 -1 1 1 -1 -1 -1 1 1 1 
16271615342329262147382610 -1 -1 -1 1 -1 1 -1 1 1 1 -1 -1 1 -1 -1 1 1 1 1 1 1 -1 1 1 1 1 
163622154625334811927308 -1 -1 -1 1 -1 1 -1 1 1 1 -1 -1 1 -1 1 1 -1 1 1 -1 1 1 1 1 1 1 
16131931509149184552188 -1 -1 -1 1 -1 1 -1 1 1 1 -1 -1 1 -1 1 1 1 1 1 1 1 1 -1 -1 1 1 
163443121845461943482415 -1 -1 -1 1 -1 1 -1 1 1 1 -1 -1 1 1 1 1 1 -1 -1 1 1 1 1 -1 1 1 
