161431017132538321354849 -1 -1 -1 1 1 1 -1 -1 1 -1 -1 1 -1 -1 1 1 1 1 -1 1 1 1 1 1 1 1 
16340173220332741356948 -1 -1 -1 1 1 1 -1 -1 1 -1 -1 1 -1 1 -1 1 1 -1 1 1 1 1 1 1 1 1 
161338421512850152083943 -1 -1 -1 1 1 1 -1 -1 1 -1 -1 1 -1 1 1 -1 1 1 1 1 1 1 -1 1 1 1 
1634516539266535124450 -1 -1 -1 1 1 1 -1 -1 1 -1 -1 1 1 1 -1 1 1 -1 1 1 -1 1 1 1 1 1 
16324182223628185014529 -1 -1 -1 1 1 1 -1 -1 1 -1 -1 1 1 1 1 1 1 -1 1 1 -1 1 -1 1 1 1 
162532191718114612504447 -1 -1 -1 1 1 1 -1 -1 1 -1 -1 1 1 1 1 1 1 1 -1 1 1 -1 -1 1 1 1 
1612402512113044451938136 -1 -1 -1 1 1 1 -1 -1 1 -1 1 -1 -1 1 -1 1 1 1 -1 1 1 1 1 1 1 1 
1620462211258292733333522 -1 -1 -1 1 1 1 -1 -1 1 -1 1 -1 -1 1 1 -1 1 1 1 -1 1 1 1 1 1 1 
16132837121635263339303210 -1 -1 -1 1 1 1 -1 -1 1 -1 1 -1 1 -1 -1 1 1 -1 1 1 1 1 1 1 1 1 
1630471914253744124124614 -1 -1 -1 1 1 1 -1 -1 1 -1 1 -1 1 -1 1 1 -1 1 1 -1 1 1 1 1 1 1 
16242617182224424519204014 -1 -1 -1 1 1 1 -1 -1 1 -1 1 -1 1 1 -1 -1 1 -1 1 1 1 1 1 1 1 1 
16232136925038391722497 -1 -1 -1 1 1 1 -1 -1 1 -1 1 1 -1 -1 1 -1 1 -1 1 1 1 1 1 1 1 1 
164337817234145312452116 -1 -1 -1 1 1 1 -1 -1 1 -1 1 1 -1 1 1 -1 1 -1 1 -1 1 1 1 1 1 1 
1647371923147132649409 -1 -1 -1 1 1 1 -1 -1 1 -1 1 1 1 1 1 -1 -1 1 -1 1 1 1 -1 1 1 1 
