16353245394214412427112 -1 -1 -1 1 -1 1 -1 1 1 1 -1 1 1 -1 1 -1 1 1 1 1 -1 1 1 -1 1 1 
16441861664734313937350 -1 -1 -1 1 -1 1 -1 1 1 1 1 -1 -1 -1 1 1 1 -1 1 1 -1 1 1 1 1 1 
163222224234918293647129 -1 -1 -1 1 -1 1 -1 1 1 1 1 -1 -1 -1 1 1 1 1 1 1 -1 1 1 -1 1 1 
16400474514147262222614 -1 -1 -1 1 -1 1 -1 1 1 1 1 -1 -1 1 -1 1 1 -1 1 1 1 1 1 -1 1 1 
1638212831401115483825510 -1 -1 -1 1 -1 1 -1 1 1 1 1 -1 -1 1 -1 1 1 1 1 -1 1 1 1 -1 1 1 
16473021626141514033473 -1 -1 -1 1 -1 1 -1 1 1 1 1 -1 -1 1 1 -1 1 1 1 -1 -1 1 1 1 1 1 
163629324718221492292324 -1 -1 -1 1 -1 1 -1 1 1 1 1 -1 -1 1 1 -1 1 1 1 1 -1 1 1 -1 1 1 
163543111016203513951825 -1 -1 -1 1 -1 1 -1 1 1 1 1 -1 -1 1 1 1 1 1 -1 -1 1 1 1 -1 1 1 
1638262181724364549202314 -1 -1 -1 1 -1 1 -1 1 1 1 1 -1 1 -1 -1 1 1 1 1 1 1 -1 -1 1 1 1 
16304322947473811463242 -1 -1 -1 1 -1 1 -1 1 1 1 1 -1 1 -1 -1 1 1 1 1 1 1 -1 1 1 -1 1 
1648211621344225183933213 -1 -1 -1 1 -1 1 -1 1 1 1 1 -1 1 -1 1 1 -1 1 1 -1 -1 1 1 1 1 1 
16442837471444372396240 -1 -1 -1 1 -1 1 -1 1 1 1 1 -1 1 -1 1 1 -1 1 1 -1 1 1 -1 1 1 1 
16497453524281732447528 -1 -1 -1 1 -1 1 -1 1 1 1 1 -1 1 1 -1 -1 1 1 -1 1 1 -1 1 1 1 1 
16641203752035394433230 -1 -1 -1 1 -1 1 -1 1 1 1 1 -1 1 1 -1 1 1 1 1 1 1 -1 -1 -1 1 1 
16431232639521504351155 -1 -1 -1 1 -1 1 -1 1 1 1 1 -1 1 1 1 -1 1 1 -1 -1 -1 1 1 1 1 1 
16114739438191648353835 -1 -1 -1 1 -1 1 -1 1 1 1 1 -1 1 1 1 -1 1 1 1 1 -1 1 -1 -1 1 1 
16440645641342639223514 -1 -1 -1 1 -1 1 -1 1 1 1 1 -1 1 1 1 1 -1 -1 1 -1 -1 1 1 1 1 1 
161347484912412938221029 -1 -1 -1 1 -1 1 -1 1 1 1 1 -1 1 1 1 1 -1 1 1 -1 1 1 -1 -1 1 1 
1611431441229194244262515 -1 -1 -1 1 -1 1 -1 1 1 1 1 -1 1 1 1 1 1 1 -1 -1 1 -1 -1 1 1 1 
16547172845354928247243 -1 -1 -1 1 -1 1 -1 1 1 1 1 -1 1 1 1 1 1 1 -1 -1 1 -1 1 1 -1 1 
1641123024444763719142514 -1 -1 -1 1 -1 1 -1 1 1 1 1 1 -1 -1 1 -1 1 1 1 1 -1 1 1 -1 1 1 
163341844123124323734393 -1 -1 -1 1 -1 1 -1 1 1 1 1 1 -1 -1 1 -1 1 1 1 1 1 1 -1 -1 1 1 
1647182716264726311537230 -1 -1 -1 1 -1 1 -1 1 1 1 1 1 -1 -1 1 1 -1 1 1 -1 1 -1 1 1 1 1 
163827383315465828224011 -1 -1 -1 1 -1 1 -1 1 1 1 1 1 -1 -1 1 1 1 -1 1 1 -1 1 1 -1 1 1 
163829323716283534502614 -1 -1 -1 1 -1 1 -1 1 1 1 1 1 -1 -1 1 1 1 1 -1 -1 1 1 1 -1 1 1 
16213920348211874843493 -1 -1 -1 1 -1 1 -1 1 1 1 1 1 -1 -1 1 1 1 1 1 -1 1 1 -1 -1 1 1 
