16512933157421443044626 -1 -1 -1 -1 -1 -1 1 1 -1 1 -1 1 1 1 -1 1 1 1 -1 1 1 -1 1 1 1 1 
16503243518396104021813 -1 -1 -1 -1 -1 -1 1 1 -1 1 1 1 1 -1 -1 1 1 1 1 1 -1 1 -1 1 1 1 
16363752953134131549219 -1 -1 -1 -1 -1 1 -1 1 -1 1 1 -1 1 1 1 1 -1 1 1 -1 -1 1 1 1 1 1 
1632461350153219811472217 -1 -1 -1 -1 -1 1 -1 1 -1 1 1 1 1 -1 -1 1 1 1 -1 1 1 -1 1 1 1 1 
164947452524617432416511 -1 -1 -1 -1 -1 1 -1 1 1 -1 -1 1 -1 1 1 1 -1 -1 1 1 1 1 1 1 1 1 
163730411613143351403303 -1 -1 -1 -1 -1 1 -1 1 1 -1 -1 1 1 1 -1 1 1 -1 1 1 -1 1 1 1 1 1 
164518243655024274941713 -1 -1 -1 -1 -1 1 -1 1 1 -1 -1 1 1 1 1 -1 1 1 -1 1 1 1 -1 1 1 1 
1640451635221012451445720 -1 -1 -1 -1 -1 1 -1 1 1 -1 1 1 1 1 1 1 -1 -1 1 1 -1 1 -1 1 1 1 
164112481850262310544927 -1 -1 -1 -1 -1 1 -1 1 1 1 -1 -1 1 1 1 -1 1 1 1 1 -1 1 -1 1 1 1 
1638212831401115483825510 -1 -1 -1 -1 -1 1 -1 1 1 1 -1 1 1 -1 1 1 -1 1 1 1 1 -1 -1 1 1 1 
164332401718308195027623 -1 -1 -1 -1 -1 1 -1 1 1 1 -1 1 1 -1 1 1 1 1 -1 -1 1 1 1 1 -1 1 
16385217242818351423442 -1 -1 -1 -1 -1 1 -1 1 1 1 -1 1 1 1 -1 1 1 -1 1 -1 1 1 1 1 -1 1 
1642451426311423221841360 -1 -1 -1 -1 -1 1 -1 1 1 1 1 -1 1 1 -1 1 -1 1 1 1 1 1 -1 -1 1 1 
16363149938132237199149 -1 -1 -1 -1 -1 1 1 -1 -1 1 1 -1 1 -1 1 1 1 -1 1 -1 1 1 1 1 1 1 
16342818421735385242142 -1 -1 -1 -1 -1 1 1 -1 -1 1 1 -1 1 1 1 -1 1 -1 1 1 1 -1 1 1 1 1 
163951355134382011251610 -1 -1 -1 -1 -1 1 1 -1 -1 1 1 1 1 1 1 1 -1 1 -1 1 -1 -1 1 1 1 1 
16343448733164322214239 -1 -1 -1 -1 -1 1 1 -1 1 -1 1 -1 1 -1 1 1 -1 1 1 -1 1 1 1 1 1 1 
162639528382373411243020 -1 -1 -1 -1 -1 1 1 -1 1 -1 1 1 -1 -1 1 1 1 -1 1 -1 1 1 1 1 1 1 
1625441942115112612294443 -1 -1 -1 -1 -1 1 1 -1 1 -1 1 1 -1 1 -1 1 -1 1 1 1 -1 1 1 1 1 1 
1644263225292913262851837 -1 -1 -1 -1 -1 1 1 -1 1 1 1 1 1 -1 1 1 1 -1 1 -1 1 -1 -1 1 1 1 
164947124312343214123441 -1 -1 -1 -1 -1 1 1 -1 1 1 1 1 1 1 1 -1 1 -1 1 -1 1 -1 -1 1 1 1 
162418493617505274542413 -1 -1 -1 -1 -1 1 1 1 -1 -1 1 1 -1 1 -1 1 1 1 -1 1 1 -1 1 1 1 1 
1619234132627251730194430 -1 -1 -1 -1 -1 1 1 1 -1 1 -1 1 1 1 -1 1 1 -1 1 -1 1 1 -1 1 1 1 
1628471849192462924221729 -1 -1 -1 -1 1 -1 -1 1 -1 1 1 1 -1 1 -1 1 1 1 -1 -1 1 1 1 1 1 1 
165033201850213273815451 -1 -1 -1 -1 1 -1 -1 1 -1 1 1 1 -1 1 1 1 1 -1 -1 1 1 1 1 1 -1 1 
163150103448167201551129 -1 -1 -1 -1 1 -1 -1 1 1 1 1 -1 -1 1 1 1 -1 1 -1 1 1 1 1 1 -1 1 
16202748424998121431825 -1 -1 -1 -1 1 -1 -1 1 1 1 1 -1 1 -1 1 -1 1 1 1 1 -1 -1 1 1 1 1 
1627372114311244742144124 -1 -1 -1 -1 1 -1 -1 1 1 1 1 1 -1 1 1 -1 1 1 -1 1 -1 1 -1 1 1 1 
16364536836136173619367 -1 -1 -1 -1 1 -1 1 -1 -1 1 1 1 1 1 1 1 -1 -1 1 -1 1 1 1 -1 1 1 
1644373714141237479142424 -1 -1 -1 -1 1 -1 1 -1 1 -1 -1 1 1 -1 1 1 -1 -1 1 1 1 1 1 1 1 1 
164313434621815463183917 -1 -1 -1 -1 1 -1 1 -1 1 -1 -1 1 1 1 1 1 -1 -1 1 1 1 1 1 -1 1 1 
163148253018451513434319 -1 -1 -1 -1 1 -1 1 -1 1 1 1 1 1 -1 1 1 -1 -1 1 1 1 -1 1 1 -1 1 
163741411413263304045022 -1 -1 -1 -1 1 -1 1 1 -1 -1 1 -1 1 -1 1 1 -1 -1 1 1 1 1 1 1 1 1 
16303616152720172629394613 -1 -1 -1 -1 1 -1 1 1 -1 1 -1 1 -1 -1 1 1 -1 1 1 1 1 1 -1 1 1 1 
1624141718503510510481034 -1 -1 -1 -1 1 -1 1 1 -1 1 1 1 -1 1 1 1 -1 1 -1 1 1 -1 -1 1 1 1 
1636523291425423731261826 -1 -1 -1 -1 1 -1 1 1 1 -1 1 -1 1 1 1 1 -1 1 1 -1 1 1 -1 -1 1 1 
164620174016303045276296 -1 -1 -1 -1 1 -1 1 1 1 -1 1 1 1 1 1 1 -1 -1 1 -1 1 1 -1 -1 1 1 
16528462229278465112433 -1 -1 -1 -1 1 1 -1 -1 -1 1 -1 1 -1 1 1 1 -1 1 1 -1 1 1 1 1 1 1 
16492845282431772435547 -1 -1 -1 -1 1 1 -1 1 -1 1 -1 -1 -1 1 -1 1 1 1 1 1 1 -1 1 1 1 1 
163418374547149204243326 -1 -1 -1 -1 1 1 -1 1 -1 1 -1 1 -1 -1 1 1 1 1 1 1 1 -1 -1 1 1 1 
164337432621515253263929 -1 -1 -1 -1 1 1 1 -1 -1 1 -1 -1 1 -1 1 -1 1 -1 1 1 1 1 1 1 1 1 
1645431017225143216352549 -1 -1 -1 1 -1 -1 -1 1 -1 1 1 1 1 -1 1 -1 1 1 -1 1 1 1 1 1 -1 1 
16751385112652530122650 -1 -1 -1 1 -1 -1 1 1 1 -1 1 -1 1 -1 1 1 -1 -1 1 -1 1 1 1 1 1 1 
