163184316154739314337210 -1 -1 -1 -1 1 -1 1 -1 -1 1 1 1 -1 1 -1 1 1 1 -1 1 1 1 1 1 1 1 
16630391635146514433343 -1 -1 -1 -1 1 -1 1 -1 -1 1 1 1 -1 1 1 1 -1 1 1 1 -1 1 1 1 1 1 
16534151228463844409382 -1 -1 -1 -1 1 -1 1 -1 -1 1 1 1 -1 1 1 1 1 1 -1 1 -1 1 1 1 1 1 
1612223963336372324251835 -1 -1 -1 -1 1 -1 1 -1 -1 1 1 1 1 -1 1 1 1 -1 1 1 -1 1 1 1 1 1 
161353115919494345181848 -1 -1 -1 -1 1 -1 1 -1 -1 1 1 1 1 1 1 1 -1 -1 1 1 1 -1 1 1 1 1 
161171832249323523253643 -1 -1 -1 -1 1 -1 1 -1 -1 1 1 1 1 1 1 1 -1 -1 1 1 1 1 1 -1 1 1 
169418361330451849103149 -1 -1 -1 -1 1 -1 1 -1 -1 1 1 1 1 1 1 1 1 -1 -1 1 1 -1 1 1 1 1 
161315314345484318219305 -1 -1 -1 -1 1 -1 1 -1 1 -1 1 1 -1 1 1 -1 1 1 -1 1 1 1 1 1 1 1 
16934361248463044159252 -1 -1 -1 -1 1 -1 1 -1 1 -1 1 1 -1 1 1 -1 1 1 1 1 -1 1 1 1 1 1 
1617180511034504824351014 -1 -1 -1 -1 1 -1 1 -1 1 -1 1 1 -1 1 1 1 1 -1 -1 1 1 1 1 1 1 1 
1612361341394426491617613 -1 -1 -1 -1 1 -1 1 -1 1 -1 1 1 -1 1 1 1 1 -1 1 1 -1 1 1 1 1 1 
16645143833405130736012 -1 -1 -1 -1 1 -1 1 -1 1 -1 1 1 -1 1 1 1 1 1 -1 1 1 -1 1 1 1 1 
162118341652473631537150 -1 -1 -1 -1 1 -1 1 -1 1 -1 1 1 1 1 -1 1 1 -1 1 1 -1 1 1 1 1 1 
16514285130392342351342 -1 -1 -1 -1 1 -1 1 -1 1 1 -1 -1 1 1 -1 1 1 -1 1 1 1 1 1 1 1 1 
16938184013345404993118 -1 -1 -1 -1 1 -1 1 -1 1 1 -1 -1 1 1 1 -1 1 1 1 1 -1 1 1 1 1 1 
1664620525383545441921 -1 -1 -1 -1 1 -1 1 -1 1 1 -1 1 -1 1 1 1 1 1 -1 1 1 1 -1 1 1 1 
1611147364384704553236 -1 -1 -1 -1 1 -1 1 -1 1 1 -1 1 1 -1 -1 1 1 1 1 1 1 1 1 -1 1 1 
16224405047132630473011 -1 -1 -1 -1 1 -1 1 -1 1 1 -1 1 1 1 -1 1 1 1 -1 1 1 1 1 1 -1 1 
16637354744163903418631 -1 -1 -1 -1 1 -1 1 -1 1 1 -1 1 1 1 1 1 -1 1 1 -1 1 1 1 -1 1 1 
162021451194212374641145 -1 -1 -1 -1 1 -1 1 -1 1 1 -1 1 1 1 1 1 1 -1 -1 1 1 -1 1 1 1 1 
1610351034175124145018048 -1 -1 -1 -1 1 -1 1 -1 1 1 -1 1 1 1 1 1 1 -1 1 1 -1 -1 1 1 1 1 
16153847183834431748419 -1 -1 -1 -1 1 -1 1 -1 1 1 1 -1 -1 1 -1 1 1 1 1 1 1 1 1 -1 1 1 
1623031451841142636224214 -1 -1 -1 -1 1 -1 1 -1 1 1 1 -1 -1 1 1 -1 1 1 -1 1 1 1 1 1 1 1 
16202122312511294833253510 -1 -1 -1 -1 1 -1 1 -1 1 1 1 -1 -1 1 1 -1 1 1 1 1 -1 1 1 1 1 1 
16174524428314132203453 -1 -1 -1 -1 1 -1 1 -1 1 1 1 -1 1 1 -1 1 -1 1 1 1 1 1 1 -1 1 1 
1633815284515114341381815 -1 -1 -1 -1 1 -1 1 -1 1 1 1 -1 1 1 -1 1 1 1 -1 -1 1 1 1 1 1 1 
162527303336469848221511 -1 -1 -1 -1 1 -1 1 -1 1 1 1 -1 1 1 -1 1 1 1 -1 1 1 -1 1 1 1 1 
1615244750261323302730261 -1 -1 -1 -1 1 -1 1 -1 1 1 1 -1 1 1 -1 1 1 1 -1 1 1 1 1 -1 1 1 
162729935116433510502514 -1 -1 -1 -1 1 -1 1 -1 1 1 1 -1 1 1 -1 1 1 1 1 -1 -1 1 1 1 1 1 
16173732324225752736717 -1 -1 -1 -1 1 -1 1 -1 1 1 1 -1 1 1 -1 1 1 1 1 -1 1 1 -1 1 1 1 
1664426131349123639411617 -1 -1 -1 -1 1 -1 1 -1 1 1 1 -1 1 1 -1 1 1 1 1 1 1 -1 -1 1 1 1 
16134314493149324534183 -1 -1 -1 -1 1 -1 1 -1 1 1 1 -1 1 1 1 1 -1 -1 1 1 1 1 1 1 -1 1 
16281873834932402640383 -1 -1 -1 -1 1 -1 1 -1 1 1 1 -1 1 1 1 1 -1 1 1 -1 -1 1 1 1 1 1 
16173335489412040332276 -1 -1 -1 -1 1 -1 1 -1 1 1 1 -1 1 1 1 1 -1 1 1 -1 1 1 -1 1 1 1 
1662635504453951345612 -1 -1 -1 -1 1 -1 1 -1 1 1 1 -1 1 1 1 1 -1 1 1 -1 1 1 1 1 -1 1 
162883822527404638111533 -1 -1 -1 -1 1 -1 1 -1 1 1 1 1 -1 -1 1 1 -1 1 1 1 1 -1 1 1 1 1 
16321028161838293444211329 -1 -1 -1 -1 1 -1 1 -1 1 1 1 1 -1 -1 1 1 1 -1 1 1 -1 1 1 1 1 1 
1673642487493230711737 -1 -1 -1 -1 1 -1 1 -1 1 1 1 1 -1 1 1 1 1 -1 1 1 -1 1 1 -1 1 1 
