16461130338424473224729 -1 -1 -1 -1 1 1 -1 1 1 1 1 -1 1 1 -1 -1 1 1 1 -1 1 -1 1 1 1 1 
16422327642841442103147 -1 -1 -1 -1 1 1 -1 1 1 1 1 -1 1 1 -1 1 -1 1 1 1 -1 -1 1 1 1 1 
1644304134251472433312 -1 -1 -1 -1 1 1 -1 1 1 1 1 -1 1 1 1 -1 1 -1 1 -1 -1 1 1 1 1 1 
1638211383616192922104934 -1 -1 -1 -1 1 1 -1 1 1 1 1 -1 1 1 1 -1 1 1 -1 -1 1 -1 1 1 1 1 
1621452020826182448144918 -1 -1 -1 -1 1 1 -1 1 1 1 1 -1 1 1 1 -1 1 1 1 -1 1 -1 -1 1 1 1 
16224074012184693234638 -1 -1 -1 -1 1 1 -1 1 1 1 1 -1 1 1 1 1 -1 1 1 -1 -1 1 -1 1 1 1 
16441861664734313937350 -1 -1 -1 -1 1 1 -1 1 1 1 1 1 -1 -1 1 1 1 -1 1 -1 1 -1 1 1 1 1 
164018513841383615292822 -1 -1 -1 -1 1 1 -1 1 1 1 1 1 -1 1 -1 1 1 1 -1 -1 1 -1 1 1 1 1 
16349537154952921133631 -1 -1 -1 -1 1 1 -1 1 1 1 1 1 -1 1 1 1 -1 1 -1 -1 1 -1 1 1 1 1 
1617350341051501424181048 -1 -1 -1 -1 1 1 -1 1 1 1 1 1 -1 1 1 1 1 -1 1 -1 -1 1 -1 1 1 1 
163793933240161813382640 -1 -1 -1 -1 1 1 -1 1 1 1 1 1 1 -1 -1 1 1 -1 1 1 -1 1 -1 1 1 1 
161134262473930235220388 -1 -1 -1 -1 1 1 -1 1 1 1 1 1 1 -1 1 1 1 -1 1 -1 1 -1 -1 1 1 1 
161316311445354329233050 -1 -1 -1 -1 1 1 -1 1 1 1 1 1 1 1 -1 1 1 -1 1 -1 -1 1 -1 1 1 1 
1613126940132374794749 -1 -1 -1 -1 1 1 -1 1 1 1 1 1 1 1 -1 1 1 1 -1 -1 1 -1 -1 1 1 1 
