1628213938221651292210234 -1 -1 1 -1 -1 1 -1 1 -1 1 1 1 1 -1 1 1 1 -1 -1 1 1 1 1 1 -1 1 
16303243343141331453244 -1 -1 1 -1 -1 1 -1 1 -1 1 1 1 1 -1 1 1 1 1 -1 -1 1 1 -1 1 1 1 
161543403838828155153828 -1 -1 1 -1 -1 1 -1 1 -1 1 1 1 1 1 -1 1 1 -1 1 1 1 1 -1 -1 1 1 
163614520522344515262141 -1 -1 1 -1 -1 1 -1 1 -1 1 1 1 1 1 1 -1 -1 1 1 1 -1 -1 1 1 1 1 
1613353722162526639233236 -1 -1 1 -1 -1 1 -1 1 -1 1 1 1 1 1 1 1 -1 -1 1 1 1 1 -1 -1 1 1 
1623851293934281022162221 -1 -1 1 -1 -1 1 -1 1 -1 1 1 1 1 1 1 1 -1 1 1 1 -1 -1 1 -1 1 1 
16622354144453914340626 -1 -1 1 -1 -1 1 -1 1 -1 1 1 1 1 1 1 1 1 -1 1 -1 -1 1 1 1 -1 1 
163622154625334811927308 -1 -1 1 -1 -1 1 -1 1 1 -1 -1 1 1 1 1 -1 1 -1 1 -1 1 1 1 1 1 1 
163135250302945161314433 -1 -1 1 -1 -1 1 -1 1 1 -1 -1 1 1 1 1 1 1 -1 1 -1 1 -1 1 1 1 1 
1611184052501949198550 -1 -1 1 -1 -1 1 -1 1 1 -1 1 -1 1 -1 -1 1 1 1 1 1 1 1 1 -1 1 1 
163225223646646357221223 -1 -1 1 -1 -1 1 -1 1 1 -1 1 -1 1 -1 1 1 1 -1 -1 1 1 1 1 1 1 1 
16637354744163903418631 -1 -1 1 -1 -1 1 -1 1 1 -1 1 -1 1 -1 1 1 1 1 1 1 1 1 -1 -1 1 1 
163840174643918361133426 -1 -1 1 -1 -1 1 -1 1 1 -1 1 -1 1 1 1 -1 1 1 1 -1 -1 1 1 1 1 1 
1624481735501810340141051 -1 -1 1 -1 -1 1 -1 1 1 -1 1 -1 1 1 1 1 1 1 -1 -1 1 1 1 -1 1 1 
16243446311244343444332 -1 -1 1 -1 -1 1 -1 1 1 -1 1 1 1 -1 -1 1 1 1 1 1 -1 1 1 1 -1 1 
