16329223464046187381240 -1 -1 -1 1 -1 1 1 -1 1 1 -1 1 -1 -1 -1 1 1 1 1 -1 1 1 1 1 1 1 
16316414427474204282123 -1 -1 -1 1 -1 1 1 -1 1 1 -1 1 -1 -1 1 1 1 -1 1 1 1 1 1 1 -1 1 
16391444334513530616633 -1 -1 -1 1 -1 1 1 -1 1 1 -1 1 -1 1 -1 -1 1 1 1 1 1 -1 1 1 1 1 
16355034227279381772036 -1 -1 -1 1 -1 1 1 -1 1 1 -1 1 -1 1 1 1 1 1 -1 -1 1 1 1 -1 1 1 
1641324839501423257492 -1 -1 -1 1 -1 1 1 -1 1 1 -1 1 1 -1 1 -1 1 1 1 -1 1 1 1 -1 1 1 
16434034404618249123438 -1 -1 -1 1 -1 1 1 -1 1 1 -1 1 1 1 -1 1 1 -1 1 -1 1 1 -1 1 1 1 
1649201824201821148264845 -1 -1 -1 1 -1 1 1 -1 1 1 -1 1 1 1 1 -1 -1 1 1 -1 -1 1 1 1 1 1 
16353755144232011232647 -1 -1 -1 1 -1 1 1 -1 1 1 -1 1 1 1 1 1 -1 1 -1 -1 1 1 1 -1 1 1 
1625441942115112612294443 -1 -1 -1 1 -1 1 1 -1 1 1 -1 1 1 1 1 1 1 -1 -1 1 1 -1 -1 1 1 1 
163932418184033381240379 -1 -1 -1 1 -1 1 1 -1 1 1 1 -1 -1 -1 1 -1 1 1 1 1 1 -1 1 1 1 1 
16421422261920171840452424 -1 -1 -1 1 -1 1 1 -1 1 1 1 -1 -1 -1 1 1 -1 1 1 1 -1 1 1 1 1 1 
16441861664734313937350 -1 -1 -1 1 -1 1 1 -1 1 1 1 -1 -1 -1 1 1 1 -1 1 -1 1 1 1 1 1 1 
1635534126514426650395 -1 -1 -1 1 -1 1 1 -1 1 1 1 -1 -1 -1 1 1 1 1 -1 1 1 1 1 1 -1 1 
16422357413211144524239 -1 -1 -1 1 -1 1 1 -1 1 1 1 -1 -1 1 -1 -1 1 1 1 1 -1 1 1 1 1 1 
163829132214710244829149 -1 -1 -1 1 -1 1 1 -1 1 1 1 -1 -1 1 -1 1 1 1 1 1 1 -1 -1 1 1 1 
16354136274093317482032 -1 -1 -1 1 -1 1 1 -1 1 1 1 -1 -1 1 1 1 1 1 -1 -1 1 1 1 1 -1 1 
16354811381647319395843 -1 -1 -1 1 -1 1 1 -1 1 1 1 -1 -1 1 1 1 1 1 -1 1 -1 1 1 -1 1 1 
16284621150882745333222 -1 -1 -1 1 -1 1 1 -1 1 1 1 -1 -1 1 1 1 1 1 1 -1 -1 1 1 1 -1 1 
1649350189404038540119 -1 -1 -1 1 -1 1 1 -1 1 1 1 -1 1 -1 1 -1 -1 1 1 1 1 -1 1 1 1 1 
16365017749392212393822 -1 -1 -1 1 -1 1 1 -1 1 1 1 -1 1 1 -1 1 1 1 1 -1 -1 1 -1 1 1 1 
16514254427311032433493 -1 -1 -1 1 -1 1 1 -1 1 1 1 -1 1 1 1 -1 -1 1 -1 1 -1 1 1 1 1 1 
164824382910291471349122 -1 -1 -1 1 -1 1 1 -1 1 1 1 -1 1 1 1 -1 -1 1 1 -1 1 -1 1 1 1 1 
164519304813432543153118 -1 -1 -1 1 -1 1 1 -1 1 1 1 -1 1 1 1 -1 1 -1 -1 1 1 1 1 -1 1 1 
16374490242314284447376 -1 -1 -1 1 -1 1 1 -1 1 1 1 -1 1 1 1 -1 1 1 1 -1 -1 -1 1 1 1 1 
16353054144332037239620 -1 -1 -1 1 -1 1 1 -1 1 1 1 -1 1 1 1 1 -1 1 -1 -1 1 1 1 1 -1 1 
16135148371451438421021 -1 -1 -1 1 -1 1 1 -1 1 1 1 -1 1 1 1 1 -1 1 1 1 -1 1 -1 -1 1 1 
16333604063871251451430 -1 -1 -1 1 -1 1 1 -1 1 1 1 -1 1 1 1 1 1 -1 -1 -1 1 1 1 -1 1 1 
