1626302613155027123244730 -1 -1 -1 -1 1 1 -1 1 1 -1 1 1 1 1 1 1 -1 -1 1 1 -1 1 -1 1 1 1 
161640329133839326183740 -1 -1 -1 -1 1 1 -1 1 1 -1 1 1 1 1 1 1 -1 1 -1 1 1 -1 -1 1 1 1 
165411522283638184013829 -1 -1 -1 -1 1 1 -1 1 1 -1 1 1 1 1 1 1 1 -1 1 -1 1 -1 -1 1 1 1 
1633101830123624493743918 -1 -1 -1 -1 1 1 -1 1 1 1 -1 -1 1 -1 1 -1 1 1 1 1 1 -1 1 1 1 1 
16333205261773651251437 -1 -1 -1 -1 1 1 -1 1 1 1 -1 -1 1 -1 1 1 1 1 -1 1 1 1 -1 1 1 1 
16351634316044376473918 -1 -1 -1 -1 1 1 -1 1 1 1 -1 -1 1 1 1 -1 1 -1 1 1 1 1 1 -1 1 1 
16343212344446314332444 -1 -1 -1 -1 1 1 -1 1 1 1 -1 -1 1 1 1 1 -1 1 -1 1 1 1 1 -1 1 1 
163901518433743162131347 -1 -1 -1 -1 1 1 -1 1 1 1 -1 1 -1 -1 1 -1 1 1 1 1 -1 1 1 1 1 1 
16399223724922928135131 -1 -1 -1 -1 1 1 -1 1 1 1 -1 1 -1 -1 1 1 -1 1 1 1 1 -1 1 1 1 1 
163829284140115223818536 -1 -1 -1 -1 1 1 -1 1 1 1 -1 1 1 1 -1 1 1 -1 1 -1 1 1 -1 1 1 1 
162049174411053652182830 -1 -1 -1 -1 1 1 -1 1 1 1 -1 1 1 1 -1 1 1 1 1 -1 1 -1 -1 1 1 1 
16493944534314418321331 -1 -1 -1 -1 1 1 -1 1 1 1 1 -1 1 -1 -1 1 1 1 -1 1 -1 1 1 1 1 1 
164533035131425043163129 -1 -1 -1 -1 1 1 -1 1 1 1 1 -1 1 -1 -1 1 1 1 -1 1 1 1 -1 1 1 1 
164018513841383615292822 -1 -1 -1 -1 1 1 -1 1 1 1 1 -1 1 -1 -1 1 1 1 1 1 -1 1 -1 1 1 1 
1648145249250324139237 -1 -1 -1 -1 1 1 -1 1 1 1 1 -1 1 -1 1 -1 1 1 1 -1 -1 1 1 1 1 1 
