165125253627610354322923 -1 -1 -1 1 1 -1 1 1 1 -1 1 -1 1 1 1 -1 -1 1 -1 1 1 1 1 -1 1 1 
1651393434221073343443 -1 -1 -1 1 1 -1 1 1 1 -1 1 -1 1 1 1 -1 -1 1 1 -1 1 1 -1 1 1 1 
1651163516441633167164516 -1 -1 -1 1 1 -1 1 1 1 -1 1 1 -1 1 -1 -1 1 1 -1 1 -1 1 1 1 1 1 
164948954518311518431319 -1 -1 -1 1 1 -1 1 1 1 -1 1 1 -1 1 -1 1 1 1 -1 1 -1 -1 1 1 1 1 
164549134491018363118930 -1 -1 -1 1 1 -1 1 1 1 -1 1 1 -1 1 -1 1 1 1 1 -1 -1 1 -1 1 1 1 
16453213344941831313944 -1 -1 -1 1 1 -1 1 1 1 -1 1 1 1 -1 1 1 -1 1 -1 -1 1 -1 1 1 1 1 
1637503916323161413292635 -1 -1 -1 1 1 -1 1 1 1 -1 1 1 1 -1 1 1 -1 1 1 -1 1 -1 -1 1 1 1 
164792713269264915312337 -1 -1 -1 1 1 -1 1 1 1 -1 1 1 1 1 -1 -1 1 -1 1 -1 -1 1 1 1 1 1 
164330431621141551333393 -1 -1 -1 1 1 -1 1 1 1 -1 1 1 1 1 -1 1 -1 -1 1 1 -1 1 -1 1 1 1 
163743396321316401337269 -1 -1 -1 1 1 -1 1 1 1 -1 1 1 1 1 -1 1 -1 1 1 -1 -1 1 -1 1 1 1 
16342311322327301716195130 -1 -1 -1 1 1 -1 1 1 1 -1 1 1 1 1 1 -1 1 -1 -1 1 -1 -1 1 1 1 1 
1629362529331822413522201 -1 -1 -1 1 1 -1 1 1 1 -1 1 1 1 1 1 -1 1 -1 1 -1 -1 1 -1 1 1 1 
