163421433127493912341443 -1 -1 -1 1 1 -1 -1 -1 1 1 1 -1 1 1 -1 1 1 -1 1 -1 1 1 1 1 1 1 
16142104513373821151484 -1 -1 -1 1 1 -1 -1 1 -1 -1 1 -1 1 1 1 -1 1 -1 1 1 1 1 1 1 1 1 
16549213136915934375213 -1 -1 -1 1 1 -1 -1 1 -1 -1 1 -1 1 1 1 -1 1 1 1 -1 1 1 1 1 1 1 
165411522283638184013829 -1 -1 -1 1 1 -1 -1 1 -1 -1 1 -1 1 1 1 1 1 1 1 -1 1 -1 1 1 1 1 
1625235452016195384446 -1 -1 -1 1 1 -1 -1 1 -1 -1 1 1 -1 1 1 1 1 1 -1 1 1 1 1 -1 1 1 
16203217344145315232844 -1 -1 -1 1 1 -1 -1 1 -1 -1 1 1 1 -1 1 1 -1 1 -1 1 1 1 1 1 1 1 
161250431624341434294635 -1 -1 -1 1 1 -1 -1 1 -1 -1 1 1 1 -1 1 1 -1 1 1 1 1 1 -1 1 1 1 
162631239471315372692749 -1 -1 -1 1 1 -1 -1 1 -1 -1 1 1 1 1 -1 1 -1 1 1 -1 1 1 1 1 1 1 
161245192146445111372042 -1 -1 -1 1 1 -1 -1 1 -1 -1 1 1 1 1 -1 1 -1 1 1 1 1 1 1 -1 1 1 
162637269153127132349479 -1 -1 -1 1 1 -1 -1 1 -1 -1 1 1 1 1 1 -1 1 -1 1 1 1 -1 1 1 1 1 
16292918104421281613343238 -1 -1 -1 1 1 -1 -1 1 -1 -1 1 1 1 1 1 -1 1 1 -1 1 -1 1 1 1 1 1 
1627301530232426134712650 -1 -1 -1 1 1 -1 -1 1 -1 -1 1 1 1 1 1 1 -1 1 -1 1 1 -1 1 1 1 1 
16174314834543838191847 -1 -1 -1 1 1 -1 -1 1 -1 -1 1 1 1 1 1 1 -1 1 -1 1 1 1 1 -1 1 1 
1624231225372218363935336 -1 -1 -1 1 1 -1 -1 1 -1 -1 1 1 1 1 1 1 1 -1 1 -1 1 -1 1 1 1 1 
16245353520106455454420 -1 -1 -1 1 1 -1 -1 1 -1 -1 1 1 1 1 1 1 1 -1 1 1 1 -1 1 -1 1 1 
16144399133420465024212 -1 -1 -1 1 1 -1 -1 1 -1 1 -1 1 -1 -1 1 1 1 1 1 1 1 -1 1 1 1 1 
161545362634142122524150 -1 -1 -1 1 1 -1 -1 1 -1 1 -1 1 -1 1 1 -1 1 1 1 -1 1 1 1 1 1 1 
16241494723121743382363 -1 -1 -1 1 1 -1 -1 1 -1 1 -1 1 -1 1 1 -1 1 1 1 1 1 1 1 -1 1 1 
