164133439384612618401736 -1 -1 -1 1 1 -1 1 1 -1 -1 1 -1 -1 1 -1 1 -1 1 1 1 1 1 1 1 1 1 
161517403138162855413837 -1 -1 -1 1 1 -1 1 1 -1 -1 1 -1 -1 1 -1 1 1 1 1 1 1 1 -1 1 1 1 
16253219395114342507372 -1 -1 -1 1 1 -1 1 1 -1 -1 1 -1 1 -1 1 -1 1 1 -1 1 1 1 1 1 1 1 
163237261337613916433940 -1 -1 -1 1 1 -1 1 1 -1 -1 1 -1 1 1 -1 -1 1 1 1 -1 1 1 1 1 1 1 
1634332424821391325211618 -1 -1 -1 1 1 -1 1 1 -1 -1 1 -1 1 1 -1 1 -1 1 -1 1 1 1 1 1 1 1 
16395115543264352112350 -1 -1 -1 1 1 -1 1 1 -1 -1 1 -1 1 1 -1 1 1 1 1 -1 1 -1 1 1 1 1 
16364717434932223123841 -1 -1 -1 1 1 -1 1 1 -1 -1 1 -1 1 1 1 -1 1 1 -1 1 1 1 1 -1 1 1 
162835722342532626233836 -1 -1 -1 1 1 -1 1 1 -1 -1 1 -1 1 1 1 1 1 1 1 -1 1 -1 -1 1 1 1 
164918910454313018491336 -1 -1 -1 1 1 -1 1 1 -1 -1 1 1 1 1 -1 -1 1 -1 1 -1 1 1 1 1 1 1 
1649392324824175014532 -1 -1 -1 1 1 -1 1 1 -1 -1 1 1 1 1 -1 1 -1 1 -1 1 1 -1 1 1 1 1 
164543131849518193148915 -1 -1 -1 1 1 -1 1 1 -1 -1 1 1 1 1 1 -1 1 -1 1 -1 1 1 -1 1 1 1 
16404726248112544229343 -1 -1 -1 1 1 -1 1 1 -1 -1 1 1 1 1 1 -1 1 1 -1 1 -1 1 -1 1 1 1 
162313264927374731269159 -1 -1 -1 1 1 -1 1 1 -1 1 -1 -1 1 -1 1 -1 1 -1 1 1 1 1 1 1 1 1 
1629311837441828471303216 -1 -1 -1 1 1 -1 1 1 -1 1 -1 -1 1 -1 1 -1 1 1 1 -1 1 1 1 1 1 1 
16353334146164436303951 -1 -1 -1 1 1 -1 1 1 -1 1 -1 -1 1 1 -1 -1 1 1 1 1 -1 1 1 1 1 1 
16353334146164436303951 -1 -1 -1 1 1 -1 1 1 -1 1 -1 -1 1 1 -1 1 1 1 1 1 1 -1 -1 1 1 1 
1639362435182333221263725 -1 -1 -1 1 1 -1 1 1 -1 1 -1 -1 1 1 1 -1 1 -1 1 1 1 1 1 -1 1 1 
