1631183936105031271943413 -1 -1 -1 -1 1 -1 -1 1 1 1 -1 1 1 -1 -1 1 1 1 1 1 -1 1 -1 1 1 1 
162238714045144612521619 -1 -1 -1 -1 1 -1 -1 1 1 1 -1 1 1 -1 1 1 -1 1 -1 1 1 1 -1 1 1 1 
162825392622375152229226 -1 -1 -1 -1 1 -1 -1 1 1 1 -1 1 1 1 -1 1 1 1 -1 1 -1 -1 1 1 1 1 
16503454750293821342011 -1 -1 -1 -1 1 -1 -1 1 1 1 -1 1 1 1 -1 1 1 1 1 1 -1 -1 -1 1 1 1 
163629493738262226192515 -1 -1 -1 -1 1 -1 -1 1 1 1 1 -1 -1 -1 1 1 1 1 1 -1 1 1 1 -1 1 1 
1620264818492484521201814 -1 -1 -1 -1 1 -1 -1 1 1 1 1 -1 -1 1 1 -1 1 1 1 -1 1 -1 1 1 1 1 
163150103448167201551129 -1 -1 -1 -1 1 -1 -1 1 1 1 1 -1 -1 1 1 1 -1 1 -1 1 1 1 1 1 -1 1 
162136261321409399262646 -1 -1 -1 -1 1 -1 -1 1 1 1 1 -1 1 -1 1 -1 1 1 1 -1 1 1 -1 1 1 1 
16202748424998121431825 -1 -1 -1 -1 1 -1 -1 1 1 1 1 -1 1 -1 1 -1 1 1 1 1 -1 -1 1 1 1 1 
164137304444361619222527 -1 -1 -1 -1 1 -1 -1 1 1 1 1 -1 1 -1 1 -1 1 1 1 1 1 1 -1 -1 1 1 
1615472232325011171946138 -1 -1 -1 -1 1 -1 -1 1 1 1 1 -1 1 1 -1 -1 1 1 1 -1 1 -1 1 1 1 1 
163829132214710244829149 -1 -1 -1 -1 1 -1 -1 1 1 1 1 -1 1 1 -1 1 1 1 -1 1 -1 1 1 1 -1 1 
1626215238381672911103034 -1 -1 -1 -1 1 -1 -1 1 1 1 1 1 -1 -1 1 1 1 1 -1 1 -1 1 -1 1 1 1 
161946364622171184983813 -1 -1 -1 -1 1 -1 -1 1 1 1 1 1 -1 1 -1 -1 1 1 1 1 -1 1 -1 1 1 1 
1631233620423418392381424 -1 -1 -1 -1 1 -1 -1 1 1 1 1 1 -1 1 -1 1 1 1 -1 1 1 -1 -1 1 1 1 
1627372114311244742144124 -1 -1 -1 -1 1 -1 -1 1 1 1 1 1 -1 1 1 -1 1 1 -1 1 -1 1 -1 1 1 1 
1650202075051393854551 -1 -1 -1 -1 1 -1 -1 1 1 1 1 1 -1 1 1 1 1 -1 1 -1 1 -1 1 -1 1 1 
163925354335181011511620 -1 -1 -1 -1 1 -1 -1 1 1 1 1 1 1 -1 -1 1 1 1 1 -1 1 -1 1 -1 1 1 
16365017749392212393822 -1 -1 -1 -1 1 -1 -1 1 1 1 1 1 1 -1 1 -1 1 -1 1 1 1 1 -1 -1 1 1 
163629324718221492292324 -1 -1 -1 -1 1 -1 -1 1 1 1 1 1 1 -1 1 -1 1 1 1 -1 1 -1 -1 1 1 1 
