1645311853337414111161517 -1 -1 -1 -1 1 1 1 -1 1 -1 1 1 1 -1 1 1 -1 1 -1 1 1 -1 1 1 1 1 
1644276835332402051541 -1 -1 -1 -1 1 1 1 -1 1 -1 1 1 1 1 -1 1 1 -1 -1 1 1 -1 1 1 1 1 
1634376939316133549449 -1 -1 -1 -1 1 1 1 -1 1 -1 1 1 1 1 1 -1 1 1 -1 -1 1 1 -1 1 1 1 
163016329520235023342851 -1 -1 -1 -1 1 1 1 -1 1 1 -1 -1 -1 1 1 -1 1 1 1 1 1 -1 1 1 1 1 
1635167164516441651163316 -1 -1 -1 -1 1 1 1 -1 1 1 -1 -1 1 -1 1 -1 1 1 1 1 -1 1 1 1 1 1 
16323341826407383840289 -1 -1 -1 -1 1 1 1 -1 1 1 -1 -1 1 -1 1 -1 1 1 1 1 1 1 -1 1 1 1 
163815388153852828434015 -1 -1 -1 -1 1 1 1 -1 1 1 -1 -1 1 1 -1 1 -1 1 1 1 1 1 -1 1 1 1 
163901518433743162131347 -1 -1 -1 -1 1 1 1 -1 1 1 -1 1 -1 -1 1 -1 1 1 1 -1 1 1 1 1 1 1 
16443262335512472037511 -1 -1 -1 -1 1 1 1 -1 1 1 -1 1 -1 1 -1 1 1 1 -1 1 1 -1 1 1 1 1 
16439453240311830381340 -1 -1 -1 -1 1 1 1 -1 1 1 -1 1 -1 1 1 -1 -1 1 1 1 1 1 -1 1 1 1 
16433134346322441244434 -1 -1 -1 -1 1 1 1 -1 1 1 -1 1 1 -1 1 -1 1 1 1 -1 1 1 -1 1 1 1 
16452728338463282225011 -1 -1 -1 -1 1 1 1 -1 1 1 -1 1 1 -1 1 1 -1 1 -1 1 1 1 -1 1 1 1 
16482122942503393422167 -1 -1 -1 -1 1 1 1 -1 1 1 -1 1 1 1 -1 1 -1 1 -1 1 1 -1 1 1 1 1 
164518231244183621294322 -1 -1 -1 -1 1 1 1 -1 1 1 -1 1 1 1 1 -1 -1 1 -1 1 1 1 -1 1 1 1 
