165111527282238334083846 -1 -1 -1 -1 1 -1 -1 1 1 1 -1 1 -1 -1 1 1 1 1 -1 1 1 1 1 1 1 1 
16327173620382750354297 -1 -1 -1 -1 1 -1 -1 1 1 1 -1 1 -1 1 -1 1 1 1 1 1 1 -1 1 1 1 1 
1612222541112344401924150 -1 -1 -1 -1 1 -1 -1 1 1 1 -1 1 -1 1 1 -1 1 1 1 1 -1 1 1 1 1 1 
16206933332354827401741 -1 -1 -1 -1 1 -1 -1 1 1 1 -1 1 -1 1 1 1 1 -1 -1 1 1 1 1 1 1 1 
168403461139353616133926 -1 -1 -1 -1 1 -1 -1 1 1 1 -1 1 -1 1 1 1 1 1 -1 1 1 -1 1 1 1 1 
1614142412441492437373747 -1 -1 -1 -1 1 -1 -1 1 1 1 -1 1 1 -1 -1 1 1 1 1 1 -1 1 1 1 1 1 
162352141431724164537831 -1 -1 -1 -1 1 -1 -1 1 1 1 -1 1 1 -1 1 1 1 -1 1 -1 1 1 1 1 1 1 
16222495023917738213639 -1 -1 -1 -1 1 -1 -1 1 1 1 -1 1 1 -1 1 1 1 -1 1 1 1 1 1 -1 1 1 
16740171273074532384236 -1 -1 -1 -1 1 -1 -1 1 1 1 -1 1 1 1 -1 1 1 1 1 1 -1 -1 1 1 1 1 
161325313696493545221823 -1 -1 -1 -1 1 -1 -1 1 1 1 -1 1 1 1 1 -1 1 1 1 -1 1 -1 1 1 1 1 
161891146151233245344144 -1 -1 -1 -1 1 -1 -1 1 1 1 -1 1 1 1 1 1 -1 1 1 -1 -1 1 1 1 1 1 
1610181051173424485035014 -1 -1 -1 -1 1 -1 -1 1 1 1 -1 1 1 1 1 1 1 -1 1 -1 1 -1 1 1 1 1 
162022234259291233443546 -1 -1 -1 -1 1 -1 -1 1 1 1 1 -1 -1 1 1 -1 1 1 1 -1 1 1 1 1 1 1 
1623126242730475026301513 -1 -1 -1 -1 1 -1 -1 1 1 1 1 -1 1 -1 1 -1 1 1 1 1 -1 1 1 1 1 1 
16134314493149324534183 -1 -1 -1 -1 1 -1 -1 1 1 1 1 -1 1 -1 1 -1 1 1 1 1 1 1 -1 1 1 1 
169361035252351222764325 -1 -1 -1 -1 1 -1 -1 1 1 1 1 -1 1 -1 1 1 1 1 1 -1 1 1 -1 1 1 1 
168222418212923143364541 -1 -1 -1 -1 1 -1 -1 1 1 1 1 1 -1 -1 1 1 1 1 1 -1 1 1 1 -1 1 1 
162662823323538257363422 -1 -1 -1 -1 1 -1 -1 1 1 1 1 1 -1 1 -1 1 1 1 -1 1 1 -1 1 1 1 1 
1617202324381849143626245 -1 -1 -1 -1 1 -1 -1 1 1 1 1 1 -1 1 -1 1 1 1 1 -1 1 1 -1 1 1 1 
16533220637443035412039 -1 -1 -1 -1 1 -1 -1 1 1 1 1 1 -1 1 -1 1 1 1 1 1 1 -1 -1 1 1 1 
161112454441215918463334 -1 -1 -1 -1 1 -1 -1 1 1 1 1 1 -1 1 1 -1 1 1 1 -1 1 1 1 -1 1 1 
1612262529114444151943142 -1 -1 -1 -1 1 -1 -1 1 1 1 1 1 -1 1 1 -1 1 1 1 1 -1 1 -1 1 1 1 
16544936403011185010949 -1 -1 -1 -1 1 -1 -1 1 1 1 1 1 -1 1 1 1 -1 1 1 -1 1 1 1 1 -1 1 
16717423773632327521725 -1 -1 -1 -1 1 -1 -1 1 1 1 1 1 -1 1 1 1 1 -1 1 -1 1 1 1 -1 1 1 
162181319431530483154543 -1 -1 -1 -1 1 -1 -1 1 1 1 1 1 1 -1 -1 1 1 1 1 1 1 -1 1 -1 1 1 
169113627482230331582546 -1 -1 -1 -1 1 -1 -1 1 1 1 1 1 1 -1 1 -1 1 1 1 1 -1 1 1 -1 1 1 
169221861336452349253135 -1 -1 -1 -1 1 -1 -1 1 1 1 1 1 1 -1 1 -1 1 1 1 1 1 -1 -1 1 1 1 
1613143729165026339353216 -1 -1 -1 -1 1 -1 -1 1 1 1 1 1 1 -1 1 1 -1 1 1 1 -1 1 -1 1 1 1 
1615541411817451633371131 -1 -1 -1 -1 1 -1 -1 1 1 1 1 1 1 -1 1 1 1 -1 1 -1 1 1 -1 1 1 1 
164232425342243364635126 -1 -1 -1 -1 1 -1 -1 1 1 1 1 1 1 -1 1 1 1 1 -1 1 -1 1 -1 1 1 1 
16103274433425449325131 -1 -1 -1 -1 1 -1 -1 1 1 1 1 1 1 1 -1 1 1 1 -1 1 -1 -1 1 1 1 1 
16214536322250292841818 -1 -1 -1 -1 1 -1 -1 1 1 1 1 1 1 1 1 -1 1 1 -1 1 -1 1 -1 1 1 1 
16122264140452144704726 -1 -1 -1 -1 1 -1 1 -1 -1 1 1 -1 1 1 1 -1 1 1 -1 1 1 1 1 1 1 1 
16328164239351152823542 -1 -1 -1 -1 1 -1 1 -1 -1 1 1 -1 1 1 1 1 -1 1 1 -1 1 1 1 1 1 1 
