1613412914282632018454422 -1 -1 -1 -1 1 1 -1 -1 1 -1 1 1 -1 1 1 1 -1 1 1 1 -1 1 1 1 1 1 
1617350341051501424181048 -1 -1 -1 -1 1 1 -1 -1 1 -1 1 1 -1 1 1 1 1 -1 1 -1 1 1 1 1 1 1 
16129433244041834384640 -1 -1 -1 -1 1 1 -1 -1 1 -1 1 1 1 -1 -1 1 1 -1 1 1 1 1 1 1 1 1 
16223173123246432444634 -1 -1 -1 -1 1 1 -1 -1 1 -1 1 1 1 -1 1 1 1 1 -1 -1 1 1 1 1 1 1 
162631618394037383240139 -1 -1 -1 -1 1 1 -1 -1 1 -1 1 1 1 1 -1 1 -1 1 -1 1 1 1 1 1 1 1 
1626161614393537293231350 -1 -1 -1 -1 1 1 -1 -1 1 -1 1 1 1 1 -1 1 1 -1 1 -1 1 1 1 1 1 1 
16124343624134403437469 -1 -1 -1 -1 1 1 -1 -1 1 -1 1 1 1 1 -1 1 1 1 -1 1 1 1 -1 1 1 1 
16934183113444534943132 -1 -1 -1 -1 1 1 -1 -1 1 -1 1 1 1 1 1 1 1 -1 1 -1 1 1 -1 1 1 1 
161163937135201750314241 -1 -1 -1 -1 1 1 -1 -1 1 1 -1 -1 1 1 -1 1 -1 1 1 1 1 1 1 1 1 1 
161113393984616263540336 -1 -1 -1 -1 1 1 -1 -1 1 1 -1 1 -1 1 -1 1 1 -1 1 1 1 1 1 1 1 1 
16838371234594626521019 -1 -1 -1 -1 1 1 -1 -1 1 1 -1 1 -1 1 -1 1 1 1 1 1 1 -1 1 1 1 1 
16132423419501220443946 -1 -1 -1 -1 1 1 -1 -1 1 1 -1 1 -1 1 1 -1 -1 1 1 1 1 1 1 1 1 1 
16204293833635727271750 -1 -1 -1 -1 1 1 -1 -1 1 1 -1 1 -1 1 1 1 1 -1 1 1 -1 1 1 1 1 1 
16852321128353516423942 -1 -1 -1 -1 1 1 -1 -1 1 1 -1 1 -1 1 1 1 1 1 1 1 -1 -1 1 1 1 1 
162440129373818339183340 -1 -1 -1 -1 1 1 -1 -1 1 1 -1 1 1 -1 1 1 1 1 -1 1 -1 1 1 1 1 1 
1633993937734224750421 -1 -1 -1 -1 1 1 -1 -1 1 1 -1 1 1 1 1 -1 1 -1 1 -1 1 1 1 1 1 1 
16163032351312391026283733 -1 -1 -1 -1 1 1 -1 -1 1 1 -1 1 1 1 1 -1 1 -1 1 1 1 1 1 -1 1 1 
1629261822440284113143245 -1 -1 -1 -1 1 1 -1 -1 1 1 -1 1 1 1 1 -1 1 1 -1 1 -1 1 1 1 1 1 
1625301936145114012124438 -1 -1 -1 -1 1 1 -1 -1 1 1 -1 1 1 1 1 1 -1 1 -1 1 1 -1 1 1 1 1 
161537214731643039184331 -1 -1 -1 -1 1 1 -1 -1 1 1 -1 1 1 1 1 1 -1 1 -1 1 1 1 1 -1 1 1 
1620324351943122546491117 -1 -1 -1 -1 1 1 -1 -1 1 1 -1 1 1 1 1 1 1 -1 1 -1 1 -1 1 1 1 1 
1697472142237933393450 -1 -1 -1 -1 1 1 -1 -1 1 1 1 -1 1 -1 -1 1 1 1 1 1 1 1 1 -1 1 1 
1628144241330185032302913 -1 -1 -1 -1 1 1 -1 -1 1 1 1 -1 1 -1 1 -1 1 1 -1 1 1 1 1 1 1 1 
1635112927222220332583346 -1 -1 -1 -1 1 1 -1 -1 1 1 1 -1 1 1 -1 1 1 -1 1 -1 1 1 1 1 1 1 
1632292633716133516503914 -1 -1 -1 -1 1 1 -1 -1 1 1 1 -1 1 1 -1 1 1 1 -1 1 -1 1 1 1 1 1 
1644346171125193220351249 -1 -1 -1 -1 1 1 -1 -1 1 1 1 -1 1 1 -1 1 1 1 1 1 1 -1 1 -1 1 1 
16351634316044376473918 -1 -1 -1 -1 1 1 -1 -1 1 1 1 -1 1 1 1 -1 1 -1 1 1 -1 1 1 1 1 1 
16341812384946404340243 -1 -1 -1 -1 1 1 -1 -1 1 1 1 -1 1 1 1 1 -1 1 -1 1 -1 1 1 1 1 1 
162813836522402938411518 -1 -1 -1 -1 1 1 -1 -1 1 1 1 1 1 1 -1 1 -1 1 -1 1 1 1 1 -1 1 1 
162117453181643523412437 -1 -1 -1 -1 1 1 -1 -1 1 1 1 1 1 1 -1 1 1 -1 1 -1 1 1 1 -1 1 1 
1610345014048171810512435 -1 -1 -1 -1 1 1 -1 -1 1 1 1 1 1 1 -1 1 1 -1 1 1 1 -1 1 -1 1 1 
162564323935272551361022 -1 -1 -1 -1 1 1 -1 -1 1 1 1 1 1 1 1 -1 1 -1 1 -1 1 1 -1 1 1 1 
161633241334394426323731 -1 -1 -1 -1 1 1 -1 -1 1 1 1 1 1 1 1 1 -1 1 -1 1 -1 -1 1 1 1 1 
167203839112452830342623 -1 -1 -1 -1 1 1 -1 -1 1 1 1 1 1 1 1 1 -1 1 -1 1 -1 1 1 -1 1 1 
