1611184038509494094053 -1 -1 1 -1 -1 1 -1 1 -1 -1 1 1 1 -1 1 -1 1 -1 1 1 1 1 1 1 1 1 
1615344724263923232720268 -1 -1 1 -1 -1 1 -1 1 -1 -1 1 1 1 -1 1 -1 1 1 1 -1 1 1 1 1 1 1 
169413622483630181512529 -1 -1 1 -1 -1 1 -1 1 -1 -1 1 1 1 1 -1 1 -1 1 1 1 1 1 1 -1 1 1 
1626233910164313346391251 -1 -1 1 -1 -1 1 -1 1 -1 -1 1 1 1 1 1 -1 -1 1 1 1 -1 1 1 1 1 1 
16291218394415281113193252 -1 -1 1 -1 -1 1 -1 1 -1 -1 1 1 1 1 1 1 -1 -1 1 1 -1 1 1 1 1 1 
161831429231336371493149 -1 -1 1 -1 -1 1 -1 1 -1 -1 1 1 1 1 1 1 -1 1 1 1 -1 -1 1 1 1 1 
161035275043292516914513 -1 -1 1 -1 -1 1 -1 1 -1 -1 1 1 1 1 1 1 1 -1 1 -1 1 1 1 -1 1 1 
1611324034504493193544 -1 -1 1 -1 -1 1 -1 1 -1 -1 1 1 1 1 1 1 1 -1 1 1 -1 1 -1 1 1 1 
16934183113444534943132 -1 -1 1 -1 -1 1 -1 1 -1 1 -1 -1 1 1 1 1 -1 -1 1 1 1 1 1 1 1 1 
16545245645441035202035 -1 -1 1 -1 -1 1 -1 1 -1 1 -1 -1 1 1 1 1 1 1 1 1 -1 -1 1 1 1 1 
1626361635392337223261325 -1 -1 1 -1 -1 1 -1 1 -1 1 -1 1 1 -1 1 1 1 1 -1 -1 1 1 1 1 1 1 
16650353044139303413624 -1 -1 1 -1 -1 1 -1 1 -1 1 -1 1 1 -1 1 1 1 1 1 1 1 -1 -1 1 1 1 
163215344326487183819285 -1 -1 1 -1 -1 1 -1 1 -1 1 -1 1 1 1 1 -1 -1 1 1 -1 1 1 1 1 1 1 
1618363718394912103330244 -1 -1 1 -1 -1 1 -1 1 -1 1 -1 1 1 1 1 -1 -1 1 1 1 1 1 1 -1 1 1 
1629241850441328301330321 -1 -1 1 -1 -1 1 -1 1 -1 1 -1 1 1 1 1 1 1 -1 -1 1 1 -1 1 1 1 1 
161939243442214071743223 -1 -1 1 -1 -1 1 -1 1 -1 1 -1 1 1 1 1 1 1 -1 -1 1 1 1 1 -1 1 1 
16124446322233234463174 -1 -1 1 -1 -1 1 -1 1 -1 1 -1 1 1 1 1 1 1 -1 1 1 1 -1 -1 1 1 1 
163718335224193911881250 -1 -1 1 -1 -1 1 -1 1 -1 1 1 -1 1 1 1 1 -1 -1 1 1 -1 1 1 1 1 1 
161725523628641352022523 -1 -1 1 -1 -1 1 -1 1 -1 1 1 1 -1 -1 1 1 1 -1 1 1 1 1 1 1 -1 1 
1625483025362191148101531 -1 -1 1 -1 -1 1 -1 1 -1 1 1 1 -1 -1 1 1 1 1 1 -1 1 1 -1 1 1 1 
1617483230423771749736 -1 -1 1 -1 -1 1 -1 1 -1 1 1 1 -1 -1 1 1 1 1 1 1 -1 1 1 -1 1 1 
1664126491313121739441636 -1 -1 1 -1 -1 1 -1 1 -1 1 1 1 -1 -1 1 1 1 1 1 1 1 1 -1 -1 1 1 
16381921275132213016231717 -1 -1 1 -1 -1 1 -1 1 -1 1 1 1 -1 1 1 1 1 -1 1 -1 -1 1 1 1 1 1 
1610515048014173510342418 -1 -1 1 -1 -1 1 -1 1 -1 1 1 1 -1 1 1 1 1 -1 1 1 1 1 -1 -1 1 1 
163029484115136222518936 -1 -1 1 -1 -1 1 -1 1 -1 1 1 1 1 -1 -1 1 1 1 -1 1 1 1 1 -1 1 1 
