16301843383191340454023 -1 -1 1 -1 1 -1 1 -1 1 1 1 1 1 1 1 -1 -1 1 1 -1 -1 1 1 1 -1 1 
162136452981843412322241 -1 -1 1 -1 1 -1 1 -1 1 1 1 1 1 1 1 -1 -1 1 1 1 -1 -1 1 1 -1 1 
161230464922183244636710 -1 -1 1 -1 1 -1 1 -1 1 1 1 1 1 1 1 1 -1 -1 1 1 -1 -1 1 1 -1 1 
1625333442392116132214818 -1 -1 1 -1 1 -1 1 1 -1 -1 1 -1 1 1 -1 -1 1 1 -1 1 1 1 1 1 1 1 
162639528382373411243020 -1 -1 1 -1 1 -1 1 1 -1 -1 1 -1 1 1 -1 -1 1 1 1 1 1 1 -1 1 1 1 
1618224241234536141403126 -1 -1 1 -1 1 -1 1 1 -1 -1 1 -1 1 1 -1 -1 1 1 1 1 1 1 1 1 -1 1 
163950241818833521213719 -1 -1 1 -1 1 -1 1 1 -1 -1 1 -1 1 1 1 1 -1 -1 1 1 1 1 -1 1 1 1 
16323614142441499172713 -1 -1 1 -1 1 -1 1 1 -1 -1 1 -1 1 1 1 1 1 1 1 -1 -1 1 -1 1 1 1 
162429434145121228182336 -1 -1 1 -1 1 -1 1 1 -1 -1 1 1 -1 -1 1 -1 1 1 -1 1 1 1 1 1 1 1 
1639424813251822116213433 -1 -1 1 -1 1 -1 1 1 -1 -1 1 1 -1 1 1 -1 -1 1 1 1 1 -1 1 1 1 1 
