163332334283554630242328 -1 -1 -1 1 -1 1 -1 -1 -1 1 1 -1 1 1 1 1 -1 1 1 -1 1 1 1 1 1 1 
161532130333431639514314 -1 -1 -1 1 -1 1 -1 -1 -1 1 1 1 1 -1 1 1 -1 -1 1 1 1 1 1 1 1 1 
161636813354039393261146 -1 -1 -1 1 -1 1 -1 -1 1 -1 1 1 -1 1 1 1 1 1 -1 -1 1 1 1 1 1 1 
16843492121344831839207 -1 -1 -1 1 -1 1 -1 -1 1 -1 1 1 1 -1 1 1 -1 1 1 1 1 1 -1 1 1 1 
16219341352936495311537 -1 -1 -1 1 -1 1 -1 -1 1 -1 1 1 1 1 -1 -1 1 1 -1 1 1 1 1 1 1 1 
162661640399373732131343 -1 -1 -1 1 -1 1 -1 -1 1 -1 1 1 1 1 -1 1 1 -1 -1 1 1 1 1 1 1 1 
1625183512041333629292222 -1 -1 -1 1 -1 1 -1 -1 1 -1 1 1 1 1 1 -1 -1 1 1 1 -1 1 1 1 1 1 
161536402938182841522381 -1 -1 -1 1 -1 1 -1 -1 1 -1 1 1 1 1 1 -1 1 1 -1 1 1 1 -1 1 1 1 
16544413252317342831204 -1 -1 -1 1 -1 1 -1 -1 1 -1 1 1 1 1 1 -1 1 1 1 -1 1 1 1 -1 1 1 
162791537234926947132631 -1 -1 -1 1 -1 1 -1 -1 1 -1 1 1 1 1 1 1 -1 -1 1 1 -1 1 1 1 1 1 
162315211543432484528838 -1 -1 -1 1 -1 1 -1 -1 1 -1 1 1 1 1 1 1 -1 1 1 -1 -1 1 1 1 1 1 
161234393133443732441832 -1 -1 -1 1 -1 1 -1 -1 1 -1 1 1 1 1 1 1 -1 1 1 -1 1 1 -1 1 1 1 
16152621503543513954312 -1 -1 -1 1 -1 1 -1 -1 1 -1 1 1 1 1 1 1 1 -1 -1 1 1 1 -1 1 1 1 
164352450342943164614123 -1 -1 -1 1 -1 1 -1 -1 1 -1 1 1 1 1 1 1 1 -1 1 -1 1 1 1 -1 1 1 
167252636386343528223223 -1 -1 -1 1 -1 1 -1 -1 1 -1 1 1 1 1 1 1 1 1 -1 -1 1 1 -1 1 1 1 
16936275017734220383527 -1 -1 -1 1 -1 1 -1 -1 1 1 -1 -1 1 1 1 -1 1 1 -1 1 1 1 1 1 1 1 
1613411649613391712442636 -1 -1 -1 1 -1 1 -1 -1 1 1 -1 -1 1 1 1 1 -1 1 1 -1 1 1 1 1 1 1 
1605124481014103517345018 -1 -1 -1 1 -1 1 -1 -1 1 1 -1 -1 1 1 1 1 1 1 1 -1 1 1 -1 1 1 1 
161536402938182841522381 -1 -1 -1 1 -1 1 -1 -1 1 1 -1 1 -1 1 1 -1 1 1 1 -1 1 1 1 1 1 1 
16193650037365152583411 -1 -1 -1 1 -1 1 -1 -1 1 1 -1 1 1 -1 1 -1 1 1 1 1 -1 1 1 1 1 1 
1626202639152427823344723 -1 -1 -1 1 -1 1 -1 -1 1 1 -1 1 1 -1 1 1 1 -1 -1 1 1 1 1 1 1 1 
16847494321348218122041 -1 -1 -1 1 -1 1 -1 -1 1 1 -1 1 1 -1 1 1 1 1 -1 1 1 1 1 -1 1 1 
16214442041233128274746 -1 -1 -1 1 -1 1 -1 -1 1 1 -1 1 1 1 -1 1 1 1 1 -1 1 -1 1 1 1 1 
16163032351312391026283733 -1 -1 -1 1 -1 1 -1 -1 1 1 -1 1 1 1 1 -1 -1 1 1 1 1 1 1 -1 1 1 
16184449323131334931454 -1 -1 -1 1 -1 1 -1 -1 1 1 -1 1 1 1 1 -1 1 1 1 -1 1 1 -1 1 1 1 
1625231950140112212414424 -1 -1 -1 1 -1 1 -1 -1 1 1 -1 1 1 1 1 1 1 -1 -1 1 1 -1 1 1 1 1 
161537214731643039184331 -1 -1 -1 1 -1 1 -1 -1 1 1 -1 1 1 1 1 1 1 -1 -1 1 1 1 1 -1 1 1 
1616353250132939162614373 -1 -1 -1 1 -1 1 -1 -1 1 1 -1 1 1 1 1 1 1 -1 1 -1 1 1 -1 1 1 1 
16202044302395416373533 -1 -1 -1 1 -1 1 -1 -1 1 1 1 -1 -1 1 1 -1 1 1 -1 1 1 1 1 1 1 1 
1619374114612254730144424 -1 -1 -1 1 -1 1 -1 -1 1 1 1 -1 -1 1 1 -1 1 1 1 1 -1 1 1 1 1 1 
162493629129232232241847 -1 -1 -1 1 -1 1 -1 -1 1 1 1 -1 -1 1 1 1 1 1 1 1 -1 1 1 -1 1 1 
