161147132125019174446258 -1 -1 -1 1 -1 1 1 -1 1 1 1 -1 1 1 1 1 1 1 -1 1 -1 -1 -1 1 1 1 
1641548850362336511490 -1 -1 -1 1 -1 1 1 -1 1 1 1 1 -1 -1 1 -1 1 1 1 1 -1 1 1 1 -1 1 
1634433324441212513047 -1 -1 -1 1 -1 1 1 -1 1 1 1 1 -1 1 -1 1 1 1 1 -1 -1 1 1 -1 1 1 
164641236323071846102249 -1 -1 -1 1 -1 1 1 -1 1 1 1 1 -1 1 1 1 -1 -1 1 -1 -1 1 1 1 1 1 
16322571775242371732736 -1 -1 -1 1 -1 1 1 -1 1 1 1 1 -1 1 1 1 1 -1 -1 -1 1 1 1 1 -1 1 
163430530152452132113650 -1 -1 -1 1 -1 1 1 -1 1 1 1 1 -1 1 1 1 1 -1 -1 1 -1 -1 1 1 1 1 
162341212243362418451829 -1 -1 -1 1 -1 1 1 -1 1 1 1 1 -1 1 1 1 1 -1 1 -1 -1 1 1 1 -1 1 
16401347113047242502630 -1 -1 -1 1 -1 1 1 -1 1 1 1 1 1 -1 -1 1 1 1 -1 -1 1 1 1 1 -1 1 
16391444334513530616633 -1 -1 -1 1 -1 1 1 -1 1 1 1 1 1 -1 1 -1 -1 1 1 1 1 -1 1 -1 1 1 
1639184833252124216133421 -1 -1 -1 1 -1 1 1 -1 1 1 1 1 1 -1 1 -1 1 1 -1 -1 1 1 1 -1 1 1 
1632364704736154384511 -1 -1 -1 1 -1 1 1 -1 1 1 1 1 1 -1 1 -1 1 1 1 -1 -1 1 1 -1 1 1 
1636101521252548319483011 -1 -1 -1 1 -1 1 1 -1 1 1 1 1 1 -1 1 1 1 -1 -1 -1 1 -1 1 1 1 1 
163514333153039144332116 -1 -1 -1 1 -1 1 1 -1 1 1 1 1 1 -1 1 1 1 1 -1 1 -1 1 -1 -1 1 1 
16326344026973738132843 -1 -1 -1 1 -1 1 1 -1 1 1 1 1 1 1 -1 1 1 -1 -1 -1 1 1 -1 1 1 1 
16242849281735745352447 -1 -1 -1 1 -1 1 1 -1 1 1 1 1 1 1 -1 1 1 -1 -1 1 1 -1 -1 1 1 1 
161533361434162135230551 -1 -1 -1 1 -1 1 1 -1 1 1 1 1 1 1 -1 1 1 1 -1 -1 -1 1 1 -1 1 1 
1628113810548402138311525 -1 -1 -1 1 -1 1 1 -1 1 1 1 1 1 1 1 -1 -1 -1 1 1 1 -1 1 -1 1 1 
162116393143033715474318 -1 -1 -1 1 -1 1 1 -1 1 1 1 1 1 1 1 -1 -1 1 1 -1 -1 1 1 1 -1 1 
1618224241234536141403126 -1 -1 -1 1 -1 1 1 -1 1 1 1 1 1 1 1 -1 1 -1 -1 1 1 -1 1 -1 1 1 
161023272543222536935516 -1 -1 -1 1 -1 1 1 -1 1 1 1 1 1 1 1 -1 1 1 -1 -1 -1 1 1 1 -1 1 
161392937284932918134431 -1 -1 -1 1 -1 1 1 -1 1 1 1 1 1 1 1 1 -1 -1 1 -1 -1 1 -1 1 1 1 
