1633161537455111741311841 -1 -1 -1 1 1 -1 1 1 1 -1 -1 1 -1 -1 1 -1 1 1 1 -1 1 1 1 1 1 1 
1635112927222220332583346 -1 -1 -1 1 1 -1 1 1 1 -1 -1 1 -1 -1 1 -1 1 1 1 1 1 -1 1 1 1 1 
16341665139363335144430 -1 -1 -1 1 1 -1 1 1 1 -1 -1 1 -1 -1 1 1 -1 1 -1 1 1 1 1 1 1 1 
16381238441525928464034 -1 -1 -1 1 1 -1 1 1 1 -1 -1 1 -1 -1 1 1 -1 1 1 1 1 1 -1 1 1 1 
163818321971528483452643 -1 -1 -1 1 1 -1 1 1 1 -1 -1 1 -1 1 -1 -1 1 1 1 1 -1 1 1 1 1 1 
16443564535202452010545 -1 -1 -1 1 1 -1 1 1 1 -1 -1 1 -1 1 -1 1 1 -1 1 1 -1 1 1 1 1 1 
1641144472124271431124237 -1 -1 -1 1 1 -1 1 1 1 -1 -1 1 -1 1 1 -1 -1 1 -1 1 1 1 1 1 1 1 
16463812403237404692218 -1 -1 -1 1 1 -1 1 1 1 -1 -1 1 -1 1 1 1 -1 1 -1 1 1 1 1 -1 1 1 
164516233724581721314341 -1 -1 -1 1 1 -1 1 1 1 -1 -1 1 1 -1 1 -1 -1 1 1 -1 1 1 1 1 1 1 
1650481035241803410141751 -1 -1 -1 1 1 -1 1 1 1 -1 -1 1 1 -1 1 1 -1 1 1 -1 1 -1 1 1 1 1 
16382283440915123844546 -1 -1 -1 1 1 -1 1 1 1 -1 1 -1 -1 1 -1 -1 1 1 1 -1 1 1 1 1 1 1 
16434454423131323034133 -1 -1 -1 1 1 -1 1 1 1 -1 1 -1 -1 1 -1 1 -1 1 1 1 1 1 -1 1 1 1 
1647223350349479213739 -1 -1 -1 1 1 -1 1 1 1 -1 1 -1 -1 1 1 -1 1 1 -1 1 1 1 1 -1 1 1 
164333435461424501216429 -1 -1 -1 1 1 -1 1 1 1 -1 1 -1 1 -1 -1 1 -1 1 1 -1 1 1 1 1 1 1 
