163435385028292616321473 -1 -1 1 -1 1 -1 1 -1 1 1 -1 -1 1 1 -1 1 -1 1 1 -1 1 1 1 1 1 1 
162828384351540383815158 -1 -1 1 -1 1 -1 1 -1 1 1 -1 -1 1 1 1 -1 -1 1 1 1 1 1 1 1 -1 1 
163951355134382011251610 -1 -1 1 -1 1 -1 1 -1 1 1 -1 -1 1 1 1 1 -1 1 1 -1 1 1 -1 1 1 1 
1630527125219263938111115 -1 -1 1 -1 1 -1 1 -1 1 1 -1 -1 1 1 1 1 1 1 -1 -1 1 1 1 1 -1 1 
16324224523371821365114 -1 -1 1 -1 1 -1 1 -1 1 1 -1 -1 1 1 1 1 1 1 1 -1 -1 1 -1 1 1 1 
1637504733394721349922 -1 -1 1 -1 1 -1 1 -1 1 1 -1 1 -1 -1 1 1 1 1 1 1 -1 -1 1 1 1 1 
163628474721441123356150 -1 -1 1 -1 1 -1 1 -1 1 1 -1 1 -1 1 1 -1 -1 1 1 1 1 1 1 -1 1 1 
1641473628935462827753 -1 -1 1 -1 1 -1 1 -1 1 1 -1 1 -1 1 1 1 1 -1 -1 1 1 1 1 -1 1 1 
163846281140815273833522 -1 -1 1 -1 1 -1 1 -1 1 1 -1 1 1 -1 -1 1 1 1 1 1 1 -1 -1 1 1 1 
16405147331304714232616 -1 -1 1 -1 1 -1 1 -1 1 1 -1 1 1 -1 1 1 -1 1 1 1 1 -1 -1 1 1 1 
16354736141137151247242114 -1 -1 1 -1 1 -1 1 -1 1 1 -1 1 1 1 1 -1 -1 1 1 1 1 1 -1 -1 1 1 
