16154640238442834512389 -1 -1 -1 1 -1 1 1 1 1 -1 1 1 1 1 1 -1 1 -1 1 1 -1 -1 1 -1 1 1 
16550411852817522812019 -1 -1 -1 1 -1 1 1 1 1 -1 1 1 1 1 1 -1 1 1 -1 1 -1 1 -1 -1 1 1 
16647390353161844163437 -1 -1 -1 1 -1 1 1 1 1 -1 1 1 1 1 1 1 -1 -1 1 1 -1 1 -1 -1 1 1 
16271115192312261547522639 -1 -1 -1 1 -1 1 1 1 1 1 -1 -1 1 1 -1 1 1 1 1 1 1 -1 -1 -1 1 1 
165152515271910434318948 -1 -1 -1 1 -1 1 1 1 1 1 -1 -1 1 1 1 -1 -1 1 -1 1 1 1 1 -1 1 1 
16502352511229364935406 -1 -1 -1 1 -1 1 1 1 1 1 -1 -1 1 1 1 -1 1 -1 -1 1 1 1 -1 1 1 1 
16303023231619113251173427 -1 -1 -1 1 -1 1 1 1 1 1 -1 -1 1 1 1 -1 1 1 1 1 -1 1 -1 -1 1 1 
1611381301212193644402545 -1 -1 -1 1 -1 1 1 1 1 1 -1 -1 1 1 1 1 1 1 -1 1 1 -1 -1 -1 1 1 
1647027452641262615222314 -1 -1 -1 1 -1 1 1 1 1 1 -1 1 -1 -1 1 1 -1 1 1 1 1 -1 1 -1 1 1 
1638151523611191222394919 -1 -1 -1 1 -1 1 1 1 1 1 -1 1 -1 -1 1 1 1 1 1 -1 1 1 -1 -1 1 1 
16468461975222501218321 -1 -1 -1 1 -1 1 1 1 1 1 -1 1 -1 1 1 -1 -1 1 1 1 1 -1 1 -1 1 1 
16261926151539275223124711 -1 -1 -1 1 -1 1 1 1 1 1 -1 1 -1 1 1 -1 1 1 1 1 1 -1 -1 -1 1 1 
