161329424111502220183936 -1 -1 -1 1 1 -1 -1 1 1 -1 1 -1 -1 1 -1 1 1 1 1 1 1 1 -1 1 1 1 
163046324533233523282834 -1 -1 -1 1 1 -1 -1 1 1 -1 1 -1 -1 1 1 1 1 -1 1 -1 1 1 1 1 1 1 
16275112313932104234943 -1 -1 -1 1 1 -1 -1 1 1 -1 1 -1 -1 1 1 1 1 1 1 -1 1 -1 1 1 1 1 
162234407243194342211739 -1 -1 -1 1 1 -1 -1 1 1 -1 1 -1 1 -1 -1 1 1 1 1 1 1 -1 1 1 1 1 
163236343526237223862825 -1 -1 -1 1 1 -1 -1 1 1 -1 1 -1 1 -1 1 1 -1 1 1 -1 1 1 1 1 1 1 
1632502830181293044131324 -1 -1 -1 1 1 -1 -1 1 1 -1 1 -1 1 -1 1 1 1 1 -1 1 1 -1 1 1 1 1 
1640199505150181152498 -1 -1 -1 1 1 -1 -1 1 1 -1 1 -1 1 1 1 -1 1 -1 -1 1 1 1 1 1 1 1 
16313145318329413444934 -1 -1 -1 1 1 -1 -1 1 1 -1 1 1 -1 -1 1 -1 1 1 1 1 1 -1 1 1 1 1 
1644203239292413828341823 -1 -1 -1 1 1 -1 -1 1 1 -1 1 1 -1 1 1 -1 1 -1 1 -1 1 1 1 1 1 1 
164618461074223012493236 -1 -1 -1 1 1 -1 -1 1 1 -1 1 1 1 1 -1 -1 1 -1 1 1 1 -1 1 1 1 1 
164812536922152930413618 -1 -1 -1 1 1 -1 -1 1 1 -1 1 1 1 1 1 -1 -1 1 -1 1 -1 1 1 1 1 1 
1645122844823292465034 -1 -1 -1 1 1 -1 -1 1 1 -1 1 1 1 1 1 -1 1 -1 -1 1 1 -1 1 1 1 1 
164582328241584321384315 -1 -1 -1 1 1 -1 -1 1 1 -1 1 1 1 1 1 -1 1 -1 1 -1 -1 1 1 1 1 1 
163523366112815444702147 -1 -1 -1 1 1 -1 -1 1 1 1 -1 1 -1 -1 1 -1 1 1 1 1 -1 1 1 1 1 1 
163822381815295128364041 -1 -1 -1 1 1 -1 -1 1 1 1 -1 1 -1 -1 1 1 -1 1 1 -1 1 1 1 1 1 1 
