1623250325748394924114 -1 -1 -1 -1 1 -1 1 -1 1 1 1 1 1 -1 -1 1 1 1 -1 1 1 1 1 -1 1 1 
16214403475126304716133 -1 -1 -1 -1 1 -1 1 -1 1 1 1 1 1 -1 -1 1 1 1 1 1 1 -1 1 1 -1 1 
1622125181613483334423921 -1 -1 -1 -1 1 -1 1 -1 1 1 1 1 1 -1 -1 1 1 1 1 1 1 1 -1 -1 1 1 
161434939434334341271221 -1 -1 -1 -1 1 -1 1 -1 1 1 1 1 1 -1 1 1 -1 1 1 -1 1 1 1 1 -1 1 
161331425137504120163917 -1 -1 -1 -1 1 -1 1 -1 1 1 1 1 1 -1 1 1 -1 1 1 1 1 -1 -1 1 1 1 
1616233225132239362635376 -1 -1 -1 -1 1 -1 1 -1 1 1 1 1 1 -1 1 1 1 1 -1 -1 1 1 -1 1 1 1 
1671938151139525230122611 -1 -1 -1 -1 1 -1 1 -1 1 1 1 1 1 -1 1 1 1 1 -1 -1 1 1 1 1 -1 1 
1643934229213350377479 -1 -1 -1 -1 1 -1 1 -1 1 1 1 1 1 -1 1 1 1 1 -1 1 1 -1 -1 1 1 1 
16284522322750462811833 -1 -1 -1 -1 1 -1 1 -1 1 1 1 1 1 1 1 -1 -1 1 1 1 1 -1 1 1 -1 1 
161183911341203650294222 -1 -1 -1 -1 1 -1 1 -1 1 1 1 1 1 1 1 -1 -1 1 1 1 1 1 -1 -1 1 1 
1622449142345172638183620 -1 -1 -1 -1 1 -1 1 -1 1 1 1 1 1 1 1 -1 1 1 -1 1 1 -1 -1 1 1 1 
16664444194730025284123 -1 -1 -1 -1 1 -1 1 -1 1 1 1 1 1 1 1 1 -1 -1 1 1 -1 1 1 -1 1 1 
16432443434434446321231 -1 -1 -1 -1 1 -1 1 -1 1 1 1 1 1 1 1 1 -1 1 1 -1 -1 -1 1 1 1 1 
165142133651153034165233 -1 -1 -1 -1 1 -1 1 1 -1 -1 1 -1 1 1 1 -1 -1 1 1 1 1 1 1 1 1 1 
16534118524017382840209 -1 -1 -1 -1 1 -1 1 1 -1 -1 1 1 -1 1 -1 1 -1 1 1 1 1 1 1 1 1 1 
16112421373514471415473612 -1 -1 -1 -1 1 -1 1 1 -1 -1 1 1 -1 1 -1 1 1 1 -1 1 1 1 1 1 1 1 
16641391435266044453422 -1 -1 -1 -1 1 -1 1 1 -1 -1 1 1 -1 1 1 1 -1 1 1 1 1 1 -1 1 1 1 
167502616383341428293235 -1 -1 -1 -1 1 -1 1 1 -1 -1 1 1 1 -1 1 1 1 1 1 -1 1 1 -1 1 1 1 
1623325421621481334213918 -1 -1 -1 -1 1 -1 1 1 -1 -1 1 1 1 1 -1 1 1 1 -1 1 1 1 1 1 -1 1 
16103714482113421453851 -1 -1 -1 -1 1 -1 1 1 -1 -1 1 1 1 1 1 1 1 -1 1 1 -1 -1 1 1 1 1 
16121151384248371041345 -1 -1 -1 -1 1 -1 1 1 -1 1 -1 -1 1 -1 1 1 1 -1 1 1 1 1 1 1 1 1 
163210223046364649741218 -1 -1 -1 -1 1 -1 1 1 -1 1 -1 1 1 1 -1 1 -1 1 1 -1 1 1 1 1 1 1 
16343247487392825281635 -1 -1 -1 -1 1 -1 1 1 -1 1 -1 1 1 1 -1 1 1 -1 -1 1 1 1 1 1 1 1 
162161544364735011284723 -1 -1 -1 -1 1 -1 1 1 -1 1 1 -1 -1 1 -1 1 1 1 -1 1 1 1 1 1 1 1 
16184245214217234353828 -1 -1 -1 -1 1 -1 1 1 -1 1 1 -1 -1 1 1 1 1 1 -1 1 1 1 -1 1 1 1 
1621124224414731372714414 -1 -1 -1 -1 1 -1 1 1 -1 1 1 -1 1 -1 1 -1 1 1 1 1 1 1 -1 1 1 1 
1625333442392116132214818 -1 -1 -1 -1 1 -1 1 1 -1 1 1 -1 1 1 -1 1 1 1 -1 1 1 1 -1 1 1 1 
16323112642261439312743 -1 -1 -1 -1 1 -1 1 1 -1 1 1 -1 1 1 1 -1 1 1 1 -1 -1 1 1 1 1 1 
162443172224142121934047 -1 -1 -1 -1 1 -1 1 1 -1 1 1 -1 1 1 1 -1 1 1 1 1 -1 -1 1 1 1 1 
