16347235482839325471628 -1 -1 -1 1 -1 1 1 1 1 1 1 -1 1 -1 -1 1 1 1 1 1 -1 1 -1 -1 1 1 
16424402925473411263482 -1 -1 -1 1 -1 1 1 1 1 1 1 -1 1 1 -1 -1 1 -1 1 1 -1 1 -1 1 1 1 
163605218537341615312147 -1 -1 -1 1 -1 1 1 1 1 1 1 -1 1 1 -1 1 -1 -1 1 1 1 1 -1 -1 1 1 
16341665139363335144430 -1 -1 -1 1 -1 1 1 1 1 1 1 -1 1 1 -1 1 1 -1 -1 -1 1 1 -1 1 1 1 
16744642511502614293343 -1 -1 -1 1 -1 1 1 1 1 1 1 -1 1 1 -1 1 1 1 1 -1 -1 1 -1 -1 1 1 
1645015471132847364336 -1 -1 -1 1 -1 1 1 1 1 1 1 1 -1 -1 -1 1 1 -1 1 1 -1 -1 1 1 1 1 
164212036392212913415018 -1 -1 -1 1 -1 1 1 1 1 1 1 1 -1 -1 1 -1 1 1 -1 -1 1 1 -1 1 1 1 
1633181514541113641291822 -1 -1 -1 1 -1 1 1 1 1 1 1 1 -1 1 -1 -1 1 1 1 -1 1 -1 -1 1 1 1 
1629141834451283013163233 -1 -1 -1 1 -1 1 1 1 1 1 1 1 -1 1 -1 -1 1 1 1 1 -1 -1 1 -1 1 1 
162431243734184439323331 -1 -1 -1 1 -1 1 1 1 1 1 1 1 -1 1 -1 -1 1 1 1 1 1 -1 -1 -1 1 1 
1628153952221151122239219 -1 -1 -1 1 -1 1 1 1 1 1 1 1 -1 1 -1 1 1 -1 -1 1 1 -1 1 -1 1 1 
1626222341474515142602726 -1 -1 -1 1 -1 1 1 1 1 1 1 1 -1 1 -1 1 1 -1 1 -1 -1 1 1 -1 1 1 
