163184316154739314337210 -1 -1 -1 -1 1 1 -1 1 1 1 1 1 1 1 1 -1 1 -1 1 -1 1 -1 -1 1 1 1 
1611122194912361538521939 -1 -1 -1 -1 1 1 -1 1 1 1 1 1 1 1 1 -1 1 1 -1 -1 -1 1 -1 1 1 1 
162221364336302331254535 -1 -1 -1 -1 1 1 1 -1 -1 1 -1 -1 1 1 -1 1 -1 1 1 1 1 1 1 1 1 1 
1621325211633482134183942 -1 -1 -1 -1 1 1 1 -1 -1 1 -1 1 -1 -1 1 1 -1 1 1 1 1 1 1 1 1 1 
1614141803622314542262341 -1 -1 -1 -1 1 1 1 -1 -1 1 -1 1 -1 1 1 -1 -1 1 1 1 1 1 1 1 1 1 
1627471502331261847162637 -1 -1 -1 -1 1 1 1 -1 -1 1 -1 1 1 -1 1 1 1 -1 1 1 1 -1 1 1 1 1 
161843410120175134513825 -1 -1 -1 -1 1 1 1 -1 -1 1 1 -1 -1 1 1 1 1 1 1 1 -1 1 -1 1 1 1 
16232361224738317414943 -1 -1 -1 -1 1 1 1 -1 -1 1 1 -1 1 -1 -1 1 1 -1 1 1 1 1 1 1 1 1 
163441514152652021453622 -1 -1 -1 -1 1 1 1 -1 -1 1 1 -1 1 -1 1 1 1 -1 1 1 -1 1 1 1 1 1 
162547196151114512264424 -1 -1 -1 -1 1 1 1 -1 -1 1 1 -1 1 -1 1 1 1 1 1 -1 1 1 -1 1 1 1 
1637129242447143744143714 -1 -1 -1 -1 1 1 1 -1 -1 1 1 -1 1 1 -1 1 -1 1 -1 1 1 1 1 1 1 1 
164033583811382215462827 -1 -1 -1 -1 1 1 1 -1 -1 1 1 -1 1 1 1 -1 1 -1 1 1 -1 1 1 1 1 1 
