16651201154735324423237 -1 -1 -1 1 -1 1 1 -1 -1 -1 1 1 1 1 -1 1 1 1 1 -1 1 1 1 1 -1 1 
164482453418431546431219 -1 -1 -1 1 -1 1 1 -1 -1 -1 1 1 1 1 1 1 1 -1 1 1 1 -1 1 -1 1 1 
16742726324317294215744 -1 -1 -1 1 -1 1 1 -1 -1 -1 1 1 1 1 1 1 1 1 -1 1 -1 1 1 -1 1 1 
1674863051370114493336 -1 -1 -1 1 -1 1 1 -1 -1 1 -1 -1 1 1 -1 1 1 1 1 -1 1 1 1 1 1 1 
1613511623639391012342643 -1 -1 -1 1 -1 1 1 -1 -1 1 -1 -1 1 1 1 1 -1 1 1 1 1 -1 1 1 1 1 
161151123744520419424621 -1 -1 -1 1 -1 1 1 -1 -1 1 -1 -1 1 1 1 1 1 -1 1 1 1 1 -1 1 1 1 
1603424141048101817515035 -1 -1 -1 1 -1 1 1 -1 -1 1 -1 -1 1 1 1 1 1 1 1 1 1 -1 -1 1 1 1 
1623325421621481334213918 -1 -1 -1 1 -1 1 1 -1 -1 1 -1 1 -1 -1 1 1 1 -1 1 1 1 1 1 1 1 1 
16154640238442834512389 -1 -1 -1 1 -1 1 1 -1 -1 1 -1 1 -1 1 1 -1 1 1 1 1 1 -1 1 1 1 1 
16224938311994991373613 -1 -1 -1 1 -1 1 1 -1 -1 1 -1 1 1 -1 1 1 1 -1 1 1 1 1 -1 1 1 1 
162946252334422343512209 -1 -1 -1 1 -1 1 1 -1 -1 1 -1 1 1 1 1 -1 1 -1 1 1 1 1 -1 1 1 1 
163441514152652021453622 -1 -1 -1 1 -1 1 1 -1 -1 1 -1 1 1 1 1 1 -1 -1 1 1 1 -1 1 1 1 1 
161252391335037824191818 -1 -1 -1 1 -1 1 1 -1 -1 1 -1 1 1 1 1 1 -1 1 1 1 1 -1 1 -1 1 1 
1616483251318391526433719 -1 -1 -1 1 -1 1 1 -1 -1 1 -1 1 1 1 1 1 1 -1 1 1 1 -1 -1 1 1 1 
16113423691714127493244 -1 -1 -1 1 -1 1 1 -1 -1 1 1 -1 -1 -1 1 1 -1 1 1 1 1 1 1 1 1 1 
161424912434734312411243 -1 -1 -1 1 -1 1 1 -1 -1 1 1 -1 1 -1 -1 1 -1 1 1 1 1 1 1 1 1 1 
1631413614422618023451422 -1 -1 -1 1 -1 1 1 -1 -1 1 1 -1 1 -1 1 1 -1 1 1 1 -1 1 1 1 1 1 
161522404638332811527388 -1 -1 -1 1 -1 1 1 -1 -1 1 1 -1 1 -1 1 1 -1 1 1 1 1 1 1 1 -1 1 
1623050551148849364136 -1 -1 -1 1 -1 1 1 -1 -1 1 1 1 -1 -1 -1 1 1 -1 1 1 1 1 1 1 1 1 
16311345918409431364937 -1 -1 -1 1 -1 1 1 -1 -1 1 1 1 -1 -1 1 -1 1 1 -1 1 1 1 1 1 1 1 
16183491831401338940459 -1 -1 -1 1 -1 1 1 -1 -1 1 1 1 -1 -1 1 -1 1 1 1 1 1 1 1 1 -1 1 
16373934219225751145032 -1 -1 -1 1 -1 1 1 -1 -1 1 1 1 -1 -1 1 1 1 -1 1 1 -1 1 1 1 1 1 
1620384412455466523519 -1 -1 -1 1 -1 1 1 -1 -1 1 1 1 -1 -1 1 1 1 1 1 -1 1 1 1 1 -1 1 
164371243143912213434934 -1 -1 -1 1 -1 1 1 -1 -1 1 1 1 -1 1 1 -1 1 -1 -1 1 1 1 1 1 1 1 
1629222546333322113527208 -1 -1 -1 1 -1 1 1 -1 -1 1 1 1 -1 1 1 -1 1 -1 1 1 1 1 1 1 -1 1 
16354136274093317482032 -1 -1 -1 1 -1 1 1 -1 -1 1 1 1 -1 1 1 1 1 1 -1 -1 1 -1 1 1 1 1 
16647390353161844163437 -1 -1 -1 1 -1 1 1 -1 -1 1 1 1 -1 1 1 1 1 1 1 1 -1 -1 1 -1 1 1 
16393548325282471628347 -1 -1 -1 1 -1 1 1 -1 -1 1 1 1 1 -1 1 -1 1 1 -1 1 1 1 -1 1 1 1 
16204544102355206453545 -1 -1 -1 1 -1 1 1 -1 -1 1 1 1 1 -1 1 1 -1 1 1 1 1 1 -1 -1 1 1 
16324746224114743029383 -1 -1 -1 1 -1 1 1 -1 -1 1 1 1 1 -1 1 1 1 -1 1 1 -1 1 -1 1 1 1 
16373539103233162813122630 -1 -1 -1 1 -1 1 1 -1 -1 1 1 1 1 1 -1 1 1 -1 1 -1 1 1 -1 1 1 1 
16351052044452045235645 -1 -1 -1 1 -1 1 1 -1 -1 1 1 1 1 1 1 1 -1 1 -1 -1 1 -1 1 1 1 1 
16172419144045222624184220 -1 -1 -1 1 -1 1 1 -1 -1 1 1 1 1 1 1 1 1 -1 1 -1 -1 1 -1 1 1 1 
