16730636514504014123338 -1 -1 1 -1 -1 1 -1 -1 1 -1 1 -1 1 1 1 1 1 1 -1 -1 1 1 1 1 1 1 
16234133143443033144532 -1 -1 1 -1 -1 1 -1 -1 1 -1 1 -1 1 1 1 1 1 1 1 -1 -1 1 1 1 1 1 
1624344215134333039347 -1 -1 1 -1 -1 1 -1 -1 1 -1 1 1 1 -1 1 -1 1 1 1 1 1 1 -1 1 1 1 
161816491431351329934550 -1 -1 1 -1 -1 1 -1 -1 1 -1 1 1 1 1 -1 -1 1 1 1 -1 1 1 1 1 1 1 
162103445524136265221514 -1 -1 1 -1 -1 1 -1 -1 1 -1 1 1 1 1 -1 1 -1 1 -1 1 1 1 1 1 1 1 
1622123839191549111193652 -1 -1 1 -1 -1 1 -1 -1 1 -1 1 1 1 1 1 1 -1 -1 1 1 1 -1 1 1 1 1 
161522404638332811527388 -1 -1 1 -1 -1 1 -1 -1 1 -1 1 1 1 1 1 1 -1 1 -1 1 1 1 -1 1 1 1 
16932274117483620333540 -1 -1 1 -1 -1 1 -1 -1 1 1 -1 -1 1 1 1 1 -1 1 -1 1 1 1 1 1 1 1 
16274943233917213833634 -1 -1 1 -1 -1 1 -1 -1 1 1 1 -1 -1 1 -1 1 -1 1 1 1 1 1 1 1 1 1 
16104027943382539185140 -1 -1 1 -1 -1 1 -1 -1 1 1 1 -1 -1 1 -1 1 1 1 1 1 -1 1 1 1 1 1 
16202044302395416373533 -1 -1 1 -1 -1 1 -1 -1 1 1 1 -1 -1 1 1 1 -1 1 -1 1 1 1 1 1 1 1 
1616491217263664413133941 -1 -1 1 -1 -1 1 -1 -1 1 1 1 -1 -1 1 1 1 1 1 1 -1 1 -1 1 1 1 1 
16752173673772532174232 -1 -1 1 -1 -1 1 -1 -1 1 1 1 -1 -1 1 1 1 1 1 1 1 -1 1 -1 1 1 1 
16349384328372663240713 -1 -1 1 -1 -1 1 -1 -1 1 1 1 -1 1 1 1 1 -1 1 -1 1 -1 1 1 1 1 1 
1631194127273242304232117 -1 -1 1 -1 -1 1 -1 -1 1 1 1 1 -1 1 -1 1 -1 1 1 1 1 -1 1 1 1 1 
