1697535412827346473628 -1 -1 -1 1 -1 -1 1 1 -1 1 1 1 1 1 1 1 1 -1 -1 -1 1 1 1 1 -1 1 
16718325246191212284650 -1 -1 -1 1 -1 -1 1 1 -1 1 1 1 1 1 1 1 1 -1 -1 1 -1 1 1 -1 1 1 
161332373416426313933244 -1 -1 -1 1 -1 -1 1 1 1 -1 -1 1 -1 1 1 -1 1 1 1 1 1 1 -1 1 1 1 
1611244452536123811301940 -1 -1 -1 1 -1 -1 1 1 1 -1 -1 1 -1 1 1 -1 1 1 1 1 1 1 1 1 -1 1 
16370142896374724234444 -1 -1 -1 1 -1 -1 1 1 1 -1 -1 1 1 1 1 -1 -1 1 -1 1 1 1 1 1 1 1 
1632377367142481730749 -1 -1 -1 1 -1 -1 1 1 1 -1 -1 1 1 1 1 1 -1 1 -1 1 1 -1 1 1 1 1 
161231441342124749434312 -1 -1 -1 1 -1 -1 1 1 1 -1 1 -1 -1 -1 1 1 1 -1 1 1 1 1 1 1 1 1 
16201213445023994246134 -1 -1 -1 1 -1 -1 1 1 1 -1 1 -1 -1 1 -1 1 1 1 -1 1 1 1 1 1 1 1 
1614161851363313342142330 -1 -1 -1 1 -1 -1 1 1 1 -1 1 -1 -1 1 -1 1 1 1 1 1 1 1 -1 1 1 1 
1623031451841142636224214 -1 -1 -1 1 -1 -1 1 1 1 -1 1 -1 -1 1 1 -1 1 -1 1 1 1 1 1 1 1 1 
16274114911332174244936 -1 -1 -1 1 -1 -1 1 1 1 -1 1 -1 -1 1 1 1 1 -1 1 1 1 -1 1 1 1 1 
1630214831151136482525910 -1 -1 -1 1 -1 -1 1 1 1 -1 1 -1 1 1 -1 1 -1 1 1 1 1 1 -1 1 1 1 
163916155143343332114330 -1 -1 -1 1 -1 -1 1 1 1 -1 1 -1 1 1 -1 1 1 -1 1 -1 1 1 1 1 1 1 
161849234336352171323225 -1 -1 -1 1 -1 -1 1 1 1 -1 1 -1 1 1 1 1 1 -1 1 1 -1 1 1 -1 1 1 
16321226333710133016353928 -1 -1 -1 1 -1 -1 1 1 1 -1 1 1 -1 -1 1 -1 1 1 1 1 1 -1 1 1 1 1 
162116393143033715474318 -1 -1 -1 1 -1 -1 1 1 1 -1 1 1 -1 -1 1 1 1 1 -1 1 1 1 1 1 -1 1 
163243217232518323635149 -1 -1 -1 1 -1 -1 1 1 1 -1 1 1 -1 1 -1 1 1 1 1 1 -1 -1 1 1 1 1 
16401842451714242022241926 -1 -1 -1 1 -1 -1 1 1 1 -1 1 1 -1 1 1 -1 1 -1 1 1 1 -1 1 1 1 1 
16822504645332113227288 -1 -1 -1 1 -1 -1 1 1 1 -1 1 1 -1 1 1 -1 1 1 1 1 1 1 -1 1 -1 1 
1626242323478152026392734 -1 -1 -1 1 -1 -1 1 1 1 -1 1 1 -1 1 1 1 1 -1 -1 1 1 1 1 1 -1 1 
1653849404031140509918 -1 -1 -1 1 -1 -1 1 1 1 -1 1 1 -1 1 1 1 1 -1 1 1 1 1 -1 1 -1 1 
1619401224442212325501141 -1 -1 -1 1 -1 -1 1 1 1 -1 1 1 -1 1 1 1 1 1 -1 -1 1 1 1 1 -1 1 
1636352735289474128467 -1 -1 -1 1 -1 -1 1 1 1 -1 1 1 1 -1 1 -1 1 1 1 1 -1 -1 1 1 1 1 
16447344338191481838175 -1 -1 -1 1 -1 -1 1 1 1 -1 1 1 1 -1 1 1 1 1 1 -1 1 -1 1 1 -1 1 
163312204429235922462534 -1 -1 -1 1 -1 -1 1 1 1 -1 1 1 1 1 1 -1 1 1 -1 -1 1 -1 1 1 1 1 
1613433718165261939483215 -1 -1 -1 1 -1 -1 1 1 1 -1 1 1 1 1 1 -1 1 1 1 -1 1 -1 -1 1 1 1 
164424645113719212051124 -1 -1 -1 1 -1 -1 1 1 1 -1 1 1 1 1 1 -1 1 1 1 -1 1 -1 1 1 -1 1 
16149421793614427133241 -1 -1 -1 1 -1 -1 1 1 1 -1 1 1 1 1 1 -1 1 1 1 1 -1 -1 1 -1 1 1 
16630391635146514433343 -1 -1 -1 1 -1 -1 1 1 1 -1 1 1 1 1 1 1 -1 -1 1 1 1 1 -1 1 -1 1 
1619151243442614425421129 -1 -1 -1 1 -1 -1 1 1 1 -1 1 1 1 1 1 1 -1 1 -1 -1 1 1 1 1 -1 1 
