1622292810512121639342238 -1 -1 -1 1 -1 1 1 1 -1 -1 -1 1 1 -1 1 1 -1 1 1 1 1 1 1 -1 1 1 
162035172241255652232836 -1 -1 -1 1 -1 1 1 1 -1 -1 -1 1 1 -1 1 1 1 1 1 1 -1 1 1 -1 1 1 
16151411474724361421123537 -1 -1 -1 1 -1 1 1 1 -1 -1 1 -1 -1 1 -1 1 1 -1 1 1 1 1 1 1 1 1 
162022131850293914236141 -1 -1 -1 1 -1 1 1 1 -1 -1 1 -1 -1 1 -1 1 1 1 1 1 1 -1 1 1 1 1 
16283854017320404195218 -1 -1 -1 1 -1 1 1 1 -1 -1 1 -1 -1 1 1 1 1 -1 1 1 1 1 -1 1 1 1 
162224223288222051393934 -1 -1 -1 1 -1 1 1 1 -1 -1 1 -1 -1 1 1 1 1 1 1 1 1 -1 -1 1 1 1 
1631303616421418512333143 -1 -1 -1 1 -1 1 1 1 -1 -1 1 -1 1 -1 1 1 -1 1 1 1 1 1 -1 1 1 1 
1634132214833392125181642 -1 -1 -1 1 -1 1 1 1 -1 -1 1 -1 1 1 -1 1 -1 -1 1 1 1 1 1 1 1 1 
16202148349783921341843 -1 -1 -1 1 -1 1 1 1 -1 -1 1 -1 1 1 -1 1 1 1 1 1 1 1 -1 -1 1 1 
16321226333710133016353928 -1 -1 -1 1 -1 1 1 1 -1 -1 1 1 -1 -1 1 -1 1 1 -1 1 1 1 1 1 1 1 
1632144724721324339457 -1 -1 -1 1 -1 1 1 1 -1 -1 1 1 -1 -1 1 -1 1 1 1 1 1 1 -1 1 1 1 
164331337391821474301516 -1 -1 -1 1 -1 1 1 1 -1 -1 1 1 -1 1 -1 1 1 -1 1 -1 1 1 1 1 1 1 
1637253936326163513222623 -1 -1 -1 1 -1 1 1 1 -1 -1 1 1 -1 1 -1 1 1 -1 1 1 1 1 1 -1 1 1 
16423635114151136450428 -1 -1 -1 1 -1 1 1 1 -1 -1 1 1 -1 1 1 -1 1 -1 1 1 1 1 -1 1 1 1 
16274820403561732941333 -1 -1 -1 1 -1 1 1 1 -1 -1 1 1 -1 1 1 1 1 1 -1 1 1 -1 1 -1 1 1 
16284621150882745333222 -1 -1 -1 1 -1 1 1 1 -1 -1 1 1 -1 1 1 1 1 1 1 -1 1 -1 -1 1 1 1 
1644143202922134528261841 -1 -1 -1 1 -1 1 1 1 -1 -1 1 1 1 -1 -1 1 -1 1 1 -1 1 1 1 1 1 1 
16378343619025115136505 -1 -1 -1 1 -1 1 1 1 -1 -1 1 1 1 -1 -1 1 1 -1 1 1 1 1 1 1 -1 1 
16483516334282547392827 -1 -1 -1 1 -1 1 1 1 -1 -1 1 1 1 -1 1 -1 1 1 -1 1 -1 1 1 1 1 1 
16427111435394224132452 -1 -1 -1 1 -1 1 1 1 -1 -1 1 1 1 1 -1 -1 1 -1 1 1 1 1 1 1 -1 1 
16501851011493049494036 -1 -1 -1 1 -1 1 1 1 -1 -1 1 1 1 1 -1 -1 1 1 -1 -1 1 1 1 1 1 1 
167493244610123622184630 -1 -1 -1 1 -1 1 1 1 -1 -1 1 1 1 1 1 1 1 -1 1 1 -1 1 -1 -1 1 1 
16301374952372631389119 -1 -1 -1 1 -1 1 1 1 -1 1 -1 -1 1 -1 1 -1 1 1 -1 1 1 1 1 1 1 1 
16319243303745613404313 -1 -1 -1 1 -1 1 1 1 -1 1 -1 -1 1 -1 1 1 -1 -1 1 1 1 1 1 1 1 1 
163193637424918923131431 -1 -1 -1 1 -1 1 1 1 -1 1 -1 -1 1 -1 1 1 -1 1 1 1 1 1 1 -1 1 1 
163123225302245361335436 -1 -1 -1 1 -1 1 1 1 -1 1 -1 -1 1 -1 1 1 1 1 1 1 1 -1 -1 1 1 1 
1622133363522252920412918 -1 -1 -1 1 -1 1 1 1 -1 1 -1 -1 1 -1 1 1 1 1 1 1 1 1 -1 -1 1 1 
