1602212334734344415143 -1 -1 -1 -1 -1 1 -1 1 1 -1 -1 1 1 1 1 1 -1 -1 1 1 1 1 1 1 1 1 
16126943274342313226131 -1 -1 -1 -1 -1 1 -1 1 1 -1 1 -1 1 1 1 1 -1 1 1 1 -1 1 1 1 1 1 
16792633840341828383240 -1 -1 -1 -1 -1 1 -1 1 1 -1 1 1 1 -1 -1 1 1 1 1 1 -1 1 1 1 1 1 
16718323846912402240463 -1 -1 -1 -1 -1 1 -1 1 1 -1 1 1 1 -1 1 1 1 -1 1 1 1 -1 1 1 1 1 
169161014253551292734350 -1 -1 -1 -1 -1 1 -1 1 1 -1 1 1 1 1 -1 1 1 1 1 -1 -1 1 1 1 1 1 
162144426512033180453424 -1 -1 -1 -1 -1 1 -1 1 1 -1 1 1 1 1 1 -1 1 1 -1 1 1 1 -1 1 1 1 
1652417233249144825039 -1 -1 -1 -1 -1 1 -1 1 1 -1 1 1 1 1 1 1 -1 -1 1 1 1 1 -1 1 1 1 
16101946371985223452638 -1 -1 -1 -1 -1 1 -1 1 1 1 -1 -1 1 1 1 -1 1 1 -1 1 1 1 1 1 1 1 
16523247611443735512032 -1 -1 -1 -1 -1 1 -1 1 1 1 -1 -1 1 1 1 -1 1 1 1 1 -1 1 1 1 1 1 
16961123493552540365022 -1 -1 -1 -1 -1 1 -1 1 1 1 -1 1 1 -1 -1 1 1 1 1 1 1 -1 1 1 1 1 
16633530443339163451614 -1 -1 -1 -1 -1 1 -1 1 1 1 -1 1 1 -1 1 -1 1 1 1 1 1 1 -1 1 1 1 
161392937284932918134431 -1 -1 -1 -1 -1 1 -1 1 1 1 -1 1 1 -1 1 1 -1 1 1 1 1 -1 1 1 1 1 
161025149483213431173835 -1 -1 -1 -1 -1 1 -1 1 1 1 -1 1 1 -1 1 1 1 1 -1 1 1 -1 1 1 1 1 
16123461822403238464079 -1 -1 -1 -1 -1 1 -1 1 1 1 -1 1 1 1 1 -1 1 -1 1 1 1 1 -1 1 1 1 
16169339227482242503421 -1 -1 -1 -1 -1 1 -1 1 1 1 -1 1 1 1 1 -1 1 1 1 -1 -1 1 1 1 1 1 
1642431374214211441472712 -1 -1 -1 -1 -1 1 -1 1 1 1 -1 1 1 1 1 -1 1 1 1 -1 1 1 -1 1 1 1 
169151043254851182719435 -1 -1 -1 -1 -1 1 -1 1 1 1 -1 1 1 1 1 1 -1 1 1 -1 1 -1 1 1 1 1 
1671174974873732364230 -1 -1 -1 -1 -1 1 -1 1 1 1 1 -1 -1 1 1 -1 1 1 1 1 1 1 -1 1 1 1 
1610181051173424485035014 -1 -1 -1 -1 -1 1 -1 1 1 1 1 -1 1 -1 1 1 1 1 -1 1 1 1 -1 1 1 1 
161981247444613225171150 -1 -1 -1 -1 -1 1 -1 1 1 1 1 -1 1 1 -1 1 1 1 -1 1 1 -1 1 1 1 1 
16327173620382750354297 -1 -1 -1 -1 -1 1 -1 1 1 1 1 -1 1 1 1 -1 1 1 1 1 -1 1 -1 1 1 1 
16742644383134322834323 -1 -1 -1 -1 -1 1 -1 1 1 1 1 1 -1 1 -1 1 1 1 1 -1 1 1 1 -1 1 1 
16146244444479037283723 -1 -1 -1 -1 -1 1 -1 1 1 1 1 1 -1 1 1 -1 1 1 1 -1 1 1 -1 1 1 1 
161221024134938291474829 -1 -1 -1 -1 -1 1 -1 1 1 1 1 1 -1 1 1 -1 1 1 1 1 1 -1 -1 1 1 1 
1618013453241442629222814 -1 -1 -1 -1 -1 1 -1 1 1 1 1 1 -1 1 1 1 -1 1 1 -1 1 -1 1 1 1 1 
1614018183637311642312347 -1 -1 -1 -1 -1 1 -1 1 1 1 1 1 1 -1 1 1 -1 1 1 1 -1 -1 1 1 1 1 
1621325211633482134183942 -1 -1 -1 -1 -1 1 -1 1 1 1 1 1 1 -1 1 1 -1 1 1 1 1 -1 -1 1 1 1 
16492443343743646401213 -1 -1 -1 -1 -1 1 -1 1 1 1 1 1 1 -1 1 1 1 -1 1 1 -1 1 -1 1 1 1 
