16183839484320344972121 -1 -1 -1 1 -1 -1 1 -1 1 -1 1 1 1 1 1 1 1 -1 1 -1 -1 1 1 1 1 1 
1662635504453951345612 -1 -1 -1 1 -1 -1 1 -1 1 -1 1 1 1 1 1 1 1 -1 1 -1 1 1 -1 1 1 1 
1672333322727281749192030 -1 -1 -1 1 -1 -1 1 -1 1 -1 1 1 1 1 1 1 1 -1 1 1 -1 -1 1 1 1 1 
16936275017734220383527 -1 -1 -1 1 -1 -1 1 -1 1 1 -1 -1 1 1 1 -1 1 1 1 -1 1 1 1 1 1 1 
1613261643643393112262631 -1 -1 -1 1 -1 -1 1 -1 1 1 -1 -1 1 1 1 1 -1 1 -1 1 1 1 1 1 1 1 
1605124481014103517345018 -1 -1 -1 1 -1 -1 1 -1 1 1 -1 -1 1 1 1 1 1 1 -1 1 1 1 -1 1 1 1 
1603651481449630331737 -1 -1 -1 1 -1 -1 1 -1 1 1 -1 1 -1 1 1 1 -1 1 1 1 1 1 1 -1 1 1 
1618374247231636014183131 -1 -1 -1 1 -1 -1 1 -1 1 1 -1 1 1 -1 1 1 1 -1 1 1 1 -1 1 1 1 1 
1624744435133320123441 -1 -1 -1 1 -1 -1 1 -1 1 1 -1 1 1 -1 1 1 1 1 1 -1 1 1 1 -1 1 1 
1615264722260234127142645 -1 -1 -1 1 -1 -1 1 -1 1 1 -1 1 1 1 -1 -1 1 1 1 1 1 1 -1 1 1 1 
1629454632125022834844 -1 -1 -1 1 -1 -1 1 -1 1 1 -1 1 1 1 -1 -1 1 1 1 1 1 1 1 1 -1 1 
1623332614271647326301551 -1 -1 -1 1 -1 -1 1 -1 1 1 -1 1 1 1 -1 1 1 1 1 -1 -1 1 1 1 1 1 
161513820181034251743451 -1 -1 -1 1 -1 -1 1 -1 1 1 -1 1 1 1 -1 1 1 1 1 1 1 -1 -1 1 1 1 
16919233826523711046845 -1 -1 -1 1 -1 -1 1 -1 1 1 -1 1 1 1 1 1 -1 -1 1 1 1 1 1 1 -1 1 
16637354744163903418631 -1 -1 -1 1 -1 -1 1 -1 1 1 -1 1 1 1 1 1 1 -1 1 -1 1 1 1 -1 1 1 
16533220637443035412039 -1 -1 -1 1 -1 -1 1 -1 1 1 1 -1 -1 -1 1 1 1 1 1 1 1 -1 1 1 1 1 
1614301813365031142242330 -1 -1 -1 1 -1 -1 1 -1 1 1 1 -1 -1 1 -1 1 1 1 1 1 -1 1 1 1 1 1 
1662626431343123139261631 -1 -1 -1 1 -1 -1 1 -1 1 1 1 -1 -1 1 -1 1 1 1 1 1 1 1 -1 1 1 1 
16017513714366323352725 -1 -1 -1 1 -1 -1 1 -1 1 1 1 -1 -1 1 1 1 -1 1 1 1 1 1 1 1 -1 1 
1622392112852221951153912 -1 -1 -1 1 -1 -1 1 -1 1 1 1 -1 -1 1 1 1 1 1 -1 1 -1 1 1 1 1 1 
162113341523036245501530 -1 -1 -1 1 -1 -1 1 -1 1 1 1 -1 1 -1 -1 1 1 1 1 -1 1 1 1 1 1 1 
16233826292734471026161521 -1 -1 -1 1 -1 -1 1 -1 1 1 1 -1 1 -1 1 1 1 1 -1 1 1 -1 1 1 1 1 
161236463522233222466725 -1 -1 -1 1 -1 -1 1 -1 1 1 1 -1 1 -1 1 1 1 1 -1 1 1 1 1 -1 1 1 
162814729345032326353816 -1 -1 -1 1 -1 -1 1 -1 1 1 1 -1 1 1 1 1 1 -1 1 -1 -1 1 1 1 1 1 
16173335489412040332276 -1 -1 -1 1 -1 -1 1 -1 1 1 1 -1 1 1 1 1 1 -1 1 -1 1 1 -1 1 1 1 
161891313329444929312837 -1 -1 -1 1 -1 -1 1 -1 1 1 1 1 -1 -1 -1 1 1 1 1 1 1 1 -1 1 1 1 
16261328932403843763437 -1 -1 -1 1 -1 -1 1 -1 1 1 1 1 -1 -1 1 -1 1 1 1 1 1 -1 1 1 1 1 
16343384283426443232731 -1 -1 -1 1 -1 -1 1 -1 1 1 1 1 -1 -1 1 1 1 -1 1 -1 1 1 1 1 1 1 
16154499303425463624812 -1 -1 -1 1 -1 -1 1 -1 1 1 1 1 -1 -1 1 1 1 1 1 1 -1 1 -1 1 1 1 
16340173220332741356948 -1 -1 -1 1 -1 -1 1 -1 1 1 1 1 -1 -1 1 1 1 1 1 1 1 -1 1 -1 1 1 
1633751430394421343234 -1 -1 -1 1 -1 -1 1 -1 1 1 1 1 -1 1 1 -1 1 -1 1 1 1 -1 1 1 1 1 
1615154115184345833281138 -1 -1 -1 1 -1 -1 1 -1 1 1 1 1 -1 1 1 1 1 -1 -1 1 1 1 1 1 -1 1 
1653449314044113504932 -1 -1 -1 1 -1 -1 1 -1 1 1 1 1 -1 1 1 1 1 -1 1 1 -1 1 1 1 -1 1 
16173524324284547528497 -1 -1 -1 1 -1 -1 1 -1 1 1 1 1 1 -1 1 -1 1 1 1 1 1 -1 -1 1 1 1 
165312137361815473405216 -1 -1 -1 1 -1 -1 1 -1 1 1 1 1 1 -1 1 -1 1 1 1 1 1 1 -1 -1 1 1 
1615264722260234127142645 -1 -1 -1 1 -1 -1 1 -1 1 1 1 1 1 -1 1 1 1 1 -1 -1 1 1 1 -1 1 1 
1611622344929362138381910 -1 -1 -1 1 -1 -1 1 -1 1 1 1 1 1 1 -1 -1 1 1 1 1 1 1 -1 1 -1 1 
165282833302423342346335 -1 -1 -1 1 -1 -1 1 -1 1 1 1 1 1 1 -1 1 -1 1 1 1 1 1 -1 -1 1 1 
16124434424314323434463 -1 -1 -1 1 -1 -1 1 -1 1 1 1 1 1 1 1 -1 -1 1 1 1 -1 1 1 1 -1 1 
161120392585116433510351 -1 -1 -1 1 -1 -1 1 -1 1 1 1 1 1 1 1 -1 -1 1 1 1 1 -1 1 -1 1 1 
1612944152542124311441926 -1 -1 -1 1 -1 -1 1 -1 1 1 1 1 1 1 1 -1 1 1 1 -1 1 -1 -1 1 1 1 
