1651163516441633167164516 -1 -1 -1 1 -1 1 1 1 -1 1 1 1 -1 -1 1 -1 1 1 -1 1 1 -1 1 1 1 1 
16383832407328403492618 -1 -1 -1 1 -1 1 1 1 -1 1 1 1 -1 -1 1 1 1 1 -1 1 1 -1 1 -1 1 1 
16453244757242849281735 -1 -1 -1 1 -1 1 1 1 -1 1 1 1 1 -1 1 1 -1 -1 -1 1 1 1 1 -1 1 1 
1632372847181629044181331 -1 -1 -1 1 -1 1 1 1 -1 1 1 1 1 -1 1 1 1 -1 -1 1 -1 1 1 -1 1 1 
161549473126923927372613 -1 -1 -1 1 -1 1 1 1 -1 1 1 1 1 -1 1 1 1 -1 1 1 -1 1 -1 -1 1 1 
163319185012124183752398 -1 -1 -1 1 -1 1 1 1 -1 1 1 1 1 1 -1 1 1 -1 -1 -1 1 1 1 -1 1 1 
16184449323131334931454 -1 -1 -1 1 -1 1 1 1 -1 1 1 1 1 1 -1 1 1 -1 1 -1 1 1 -1 -1 1 1 
161545362634142122524150 -1 -1 -1 1 -1 1 1 1 -1 1 1 1 1 1 -1 1 1 1 -1 -1 1 -1 1 -1 1 1 
1627284174647535363928 -1 -1 -1 1 -1 1 1 1 -1 1 1 1 1 1 1 -1 -1 1 -1 1 1 -1 1 -1 1 1 
1626222341474515142602726 -1 -1 -1 1 -1 1 1 1 -1 1 1 1 1 1 1 -1 1 -1 -1 1 -1 1 1 -1 1 1 
16242938113223034747464 -1 -1 -1 1 -1 1 1 1 -1 1 1 1 1 1 1 -1 1 -1 -1 1 1 -1 -1 1 1 1 
1619343621221013849293816 -1 -1 -1 1 -1 1 1 1 -1 1 1 1 1 1 1 -1 1 -1 -1 1 1 1 -1 -1 1 1 
1684650245442343212289 -1 -1 -1 1 -1 1 1 1 -1 1 1 1 1 1 1 -1 1 -1 1 1 -1 1 -1 -1 1 1 
16172721302117382351321619 -1 -1 -1 1 -1 1 1 1 -1 1 1 1 1 1 1 1 -1 -1 -1 1 1 -1 1 -1 1 1 
1613302916281432511833443 -1 -1 -1 1 -1 1 1 1 -1 1 1 1 1 1 1 1 -1 -1 1 -1 1 -1 -1 1 1 1 
16641391435266044453422 -1 -1 -1 1 -1 1 1 1 -1 1 1 1 1 1 1 1 -1 -1 1 1 -1 -1 1 -1 1 1 
