1648392120181549132036826 -1 -1 -1 -1 -1 -1 1 1 -1 1 1 -1 1 1 1 1 -1 1 -1 1 1 1 -1 1 1 1 
164341431421261503453922 -1 -1 -1 -1 -1 -1 1 1 1 -1 1 -1 1 -1 1 1 -1 1 1 1 1 -1 1 1 1 1 
1634483740472896418339 -1 -1 -1 -1 -1 -1 1 1 1 -1 1 -1 1 1 1 1 -1 -1 1 1 1 -1 1 1 1 1 
16374526191046233881952 -1 -1 -1 -1 -1 -1 1 1 1 -1 1 1 -1 1 1 1 -1 1 -1 1 1 1 -1 1 1 1 
164330433021241513313950 -1 -1 -1 -1 -1 1 -1 1 -1 1 -1 1 1 1 1 -1 1 1 1 -1 -1 1 1 1 1 1 
1649153826361323392201736 -1 -1 -1 -1 -1 1 -1 1 -1 1 1 1 -1 -1 1 1 1 1 1 -1 1 1 -1 1 1 1 
1643244020185087502644 -1 -1 -1 -1 -1 1 -1 1 -1 1 1 1 -1 1 1 1 1 -1 1 1 -1 -1 1 1 1 1 
164251120910292513431851 -1 -1 -1 -1 -1 1 -1 1 -1 1 1 1 1 1 -1 1 -1 1 1 -1 1 1 1 -1 1 1 
16425127483214935134118 -1 -1 -1 -1 -1 1 -1 1 1 1 -1 -1 1 1 1 1 -1 -1 1 1 1 1 1 1 -1 1 
164039378332303441241320 -1 -1 -1 -1 -1 1 -1 1 1 1 -1 1 -1 -1 1 1 1 1 -1 1 1 1 1 -1 1 1 
164118442747116155221633 -1 -1 -1 -1 -1 1 -1 1 1 1 -1 1 -1 1 1 -1 1 1 1 1 1 -1 -1 1 1 1 
16522846432915838515248 -1 -1 -1 -1 -1 1 -1 1 1 1 1 1 1 -1 1 1 -1 1 1 1 -1 -1 -1 1 1 1 
163350133040141300133724 -1 -1 -1 -1 -1 1 1 -1 -1 1 1 1 1 1 -1 1 -1 1 -1 1 1 1 1 -1 1 1 
1651342221221039382292816 -1 -1 -1 -1 -1 1 1 -1 -1 1 1 1 1 1 1 1 -1 1 -1 1 -1 1 1 -1 1 1 
16474614621747182684013 -1 -1 -1 -1 -1 1 1 -1 1 -1 1 -1 1 1 -1 -1 1 1 1 1 1 1 1 -1 1 1 
16334144991314175444736 -1 -1 -1 -1 -1 1 1 -1 1 -1 1 1 -1 1 -1 1 -1 1 1 1 1 1 -1 1 1 1 
16291741461472050158532 -1 -1 -1 -1 -1 1 1 -1 1 -1 1 1 1 -1 1 1 1 -1 1 1 -1 -1 1 1 1 1 
16255064430741244420192 -1 -1 -1 -1 -1 1 1 -1 1 1 -1 1 -1 1 1 -1 -1 1 1 1 1 1 -1 1 1 1 
161650297463927213091722 -1 -1 -1 -1 -1 1 1 -1 1 1 1 -1 -1 1 1 -1 1 -1 1 1 1 -1 1 1 1 1 
1635373641111115194734217 -1 -1 -1 -1 -1 1 1 1 -1 1 -1 -1 1 -1 1 1 -1 1 1 1 1 1 -1 1 1 1 
16222640392436192042131715 -1 -1 -1 -1 -1 1 1 1 -1 1 -1 1 1 -1 -1 1 1 1 1 -1 1 1 -1 1 1 1 
1619503113312734183936104 -1 -1 -1 -1 -1 1 1 1 -1 1 1 -1 -1 1 -1 1 1 -1 1 1 1 1 -1 1 1 1 
16385232175028834192618 -1 -1 -1 -1 1 -1 -1 1 -1 1 -1 1 1 1 -1 1 1 -1 -1 1 1 1 1 1 1 1 
16403642151720242622391913 -1 -1 -1 -1 1 -1 -1 1 -1 1 -1 1 1 1 1 1 -1 1 1 -1 -1 1 1 1 1 1 
163526114016133463936839 -1 -1 -1 -1 1 -1 -1 1 -1 1 1 1 -1 1 -1 1 1 1 -1 1 1 -1 1 1 1 1 
16503555011299164914403 -1 -1 -1 -1 1 -1 -1 1 -1 1 1 1 1 1 -1 -1 1 1 1 1 -1 1 1 1 -1 1 
164943122112344331439347 -1 -1 -1 -1 1 -1 -1 1 -1 1 1 1 1 1 1 -1 -1 1 1 1 -1 1 1 1 -1 1 
164236113940293913261846 -1 -1 -1 -1 1 -1 -1 1 1 -1 1 1 1 -1 1 -1 1 1 1 -1 1 1 1 1 -1 1 
162136261321409399262646 -1 -1 -1 -1 1 -1 -1 1 1 1 1 -1 1 -1 1 -1 1 1 1 -1 1 1 -1 1 1 1 
16365017749392212393822 -1 -1 -1 -1 1 -1 -1 1 1 1 1 1 1 -1 1 -1 1 -1 1 1 1 1 -1 -1 1 1 
1647923726491940134731 -1 -1 -1 -1 1 -1 1 -1 1 -1 1 1 1 1 -1 1 1 -1 1 1 1 1 -1 -1 1 1 
164411377141937379412434 -1 -1 -1 -1 1 -1 1 1 -1 -1 1 -1 1 1 1 -1 1 1 1 -1 1 1 1 1 -1 1 
16212020408301845486496 -1 -1 -1 -1 1 -1 1 1 -1 -1 1 1 -1 1 1 -1 1 -1 1 1 1 -1 1 1 1 1 
163913224628224628185117 -1 -1 -1 -1 1 -1 1 1 -1 -1 1 1 1 1 1 -1 1 -1 1 1 1 -1 1 1 -1 1 
16493184120221478434812 -1 -1 -1 -1 1 -1 1 1 -1 -1 1 1 1 1 1 -1 1 1 1 -1 1 -1 1 1 -1 1 
1674617507327832474217 -1 -1 -1 -1 1 -1 1 1 -1 1 1 1 1 -1 -1 1 1 -1 1 -1 1 -1 1 1 1 1 
163829303726261126725525 -1 -1 -1 -1 1 -1 1 1 1 -1 1 1 1 1 1 1 -1 -1 1 -1 1 -1 -1 1 1 1 
16452342382813518421742 -1 -1 -1 -1 1 -1 1 1 1 1 -1 1 -1 -1 1 1 -1 1 -1 1 1 1 -1 1 1 1 
163920153943244382134323 -1 -1 -1 -1 1 1 -1 -1 1 1 -1 -1 1 -1 1 -1 1 1 1 1 1 -1 1 1 1 1 
161516363134021375247518 -1 -1 -1 -1 1 1 -1 1 -1 1 1 -1 -1 1 -1 1 1 1 -1 1 1 -1 1 1 1 1 
1649505018984052511119 -1 -1 -1 -1 1 1 1 -1 1 -1 -1 -1 1 -1 -1 1 1 -1 1 1 1 1 1 1 1 1 
1615184645914122043243926 -1 -1 -1 1 -1 -1 1 -1 1 1 1 -1 1 -1 1 1 1 1 -1 -1 1 -1 1 1 1 1 
