16515122522263952122850 -1 -1 -1 -1 -1 -1 1 -1 1 1 1 1 -1 1 -1 1 1 1 -1 1 1 1 -1 1 1 1 
16465043739399211591222 -1 -1 -1 -1 -1 -1 1 1 1 -1 -1 1 1 -1 1 -1 1 1 1 -1 1 1 1 1 1 1 
163841381615315372817405 -1 -1 -1 -1 -1 -1 1 1 1 -1 1 -1 1 1 -1 1 1 -1 1 1 1 -1 1 1 1 1 
1631503913102731181936344 -1 -1 -1 -1 -1 -1 1 1 1 -1 1 1 1 -1 1 1 -1 1 1 -1 1 -1 1 1 1 1 
164243272741641372143122 -1 -1 -1 -1 -1 1 -1 -1 1 1 1 -1 1 1 -1 1 1 1 -1 1 -1 1 1 1 1 1 
16464343213934931539127 -1 -1 -1 -1 -1 1 -1 1 -1 -1 1 1 1 1 -1 1 1 1 -1 -1 1 1 1 1 1 1 
1644400453465162303320 -1 -1 -1 -1 -1 1 -1 1 -1 1 1 -1 1 1 1 -1 -1 1 1 1 1 1 -1 1 1 1 
1635412922223620182513329 -1 -1 -1 -1 -1 1 -1 1 -1 1 1 1 -1 -1 1 1 1 -1 1 1 -1 1 1 1 1 1 
163846118361319822174946 -1 -1 -1 -1 -1 1 -1 1 -1 1 1 1 -1 1 1 -1 1 -1 1 1 1 1 -1 1 1 1 
1644322517413019196273023 -1 -1 -1 -1 -1 1 -1 1 -1 1 1 1 1 -1 1 1 1 1 -1 -1 1 1 -1 1 1 1 
164811223542243473432160 -1 -1 -1 -1 -1 1 -1 1 1 -1 1 1 -1 1 1 1 -1 1 1 1 1 -1 -1 1 1 1 
1650444378286940311829 -1 -1 -1 -1 -1 1 -1 1 1 -1 1 1 1 1 1 1 1 -1 -1 1 -1 1 -1 1 1 1 
1631273941018315019133436 -1 -1 -1 -1 -1 1 -1 1 1 1 -1 1 -1 1 1 -1 1 1 1 -1 1 1 -1 1 1 1 
162151262021109259432651 -1 -1 -1 -1 -1 1 -1 1 1 1 -1 1 1 1 -1 1 -1 1 1 -1 1 -1 1 1 1 1 
164918198146381736132246 -1 -1 -1 -1 -1 1 -1 1 1 1 -1 1 1 1 -1 1 1 1 -1 1 1 -1 1 -1 1 1 
165224152321852036393434 -1 -1 -1 -1 -1 1 -1 1 1 1 -1 1 1 1 1 1 -1 1 -1 1 1 -1 1 -1 1 1 
164337432621515253263929 -1 -1 -1 -1 -1 1 1 -1 1 -1 1 -1 1 -1 -1 1 1 1 1 -1 1 1 1 1 1 1 
16491384336272392251742 -1 -1 -1 -1 -1 1 1 -1 1 -1 1 -1 1 1 1 1 1 -1 1 1 1 -1 -1 1 1 1 
16242837293794444147931 -1 -1 -1 -1 -1 1 1 -1 1 1 -1 -1 1 1 1 -1 1 -1 1 1 1 -1 1 1 1 1 
161442491432534431291227 -1 -1 -1 -1 -1 1 1 -1 1 1 1 -1 1 -1 1 1 1 -1 -1 1 1 -1 1 1 1 1 
1619491143203546171232425 -1 -1 -1 -1 -1 1 1 -1 1 1 1 1 -1 1 1 -1 -1 1 1 1 -1 1 -1 1 1 1 
162828384351540383815158 -1 -1 -1 -1 -1 1 1 1 -1 1 -1 -1 1 1 -1 1 1 -1 1 1 1 1 -1 1 1 1 
161448494043283461218129 -1 -1 -1 -1 -1 1 1 1 -1 1 1 -1 1 1 1 1 -1 -1 -1 1 1 1 -1 1 1 1 
164519304813432543153118 -1 -1 -1 -1 1 -1 -1 1 -1 1 -1 1 1 1 -1 1 1 1 1 -1 -1 1 1 1 1 1 
16353934227491417512051 -1 -1 -1 -1 1 -1 -1 1 -1 1 1 1 -1 1 -1 1 -1 1 1 1 1 -1 1 1 1 1 
16432240431848275037616 -1 -1 -1 -1 1 -1 -1 1 -1 1 1 1 -1 1 1 1 1 1 -1 1 -1 -1 1 1 1 1 
165120445164522351545310 -1 -1 -1 -1 1 -1 -1 1 -1 1 1 1 1 1 -1 1 1 1 -1 1 1 -1 -1 1 1 1 
162745019204616381513552 -1 -1 -1 -1 1 -1 -1 1 1 -1 1 1 1 -1 1 -1 1 -1 1 1 1 1 -1 1 1 1 
164112481850262310544927 -1 -1 -1 -1 1 -1 -1 1 1 1 -1 1 -1 1 -1 1 1 1 1 1 1 -1 -1 1 1 1 
1631183936105031271943413 -1 -1 -1 -1 1 -1 -1 1 1 1 -1 1 1 -1 -1 1 1 1 1 1 -1 1 -1 1 1 1 
162825392622375152229226 -1 -1 -1 -1 1 -1 -1 1 1 1 -1 1 1 1 -1 1 1 1 -1 1 -1 -1 1 1 1 1 
16503454750293821342011 -1 -1 -1 -1 1 -1 -1 1 1 1 -1 1 1 1 -1 1 1 1 1 1 -1 -1 -1 1 1 1 
161946364622171184983813 -1 -1 -1 -1 1 -1 -1 1 1 1 1 1 -1 1 -1 -1 1 1 1 1 -1 1 -1 1 1 1 
163925354335181011511620 -1 -1 -1 -1 1 -1 -1 1 1 1 1 1 1 -1 -1 1 1 1 1 -1 1 -1 1 -1 1 1 
1640947131947492312637 -1 -1 -1 -1 1 -1 1 -1 1 -1 -1 1 1 -1 1 1 1 -1 1 1 -1 1 1 1 1 1 
16221238261954950151365 -1 -1 -1 -1 1 -1 1 -1 1 1 -1 1 1 -1 1 1 1 -1 1 1 -1 -1 1 1 1 1 
164739332034154139363726 -1 -1 -1 -1 1 -1 1 -1 1 1 1 -1 -1 -1 1 1 1 1 1 1 1 -1 1 1 -1 1 
161522404638332811527388 -1 -1 -1 -1 1 -1 1 -1 1 1 1 1 -1 -1 1 1 1 -1 1 1 -1 -1 1 1 1 1 
1644203239292413828341823 -1 -1 -1 -1 1 -1 1 -1 1 1 1 1 1 -1 1 1 1 1 -1 -1 1 -1 -1 1 1 1 
1643321224143512034114947 -1 -1 -1 -1 1 -1 1 1 -1 1 -1 1 -1 1 -1 1 1 1 1 1 1 1 -1 -1 1 1 
163939352633684011461613 -1 -1 -1 -1 1 -1 1 1 1 1 1 1 1 -1 1 -1 1 1 -1 -1 1 -1 -1 1 1 1 
16362363036236236303630 -1 -1 -1 -1 1 1 -1 -1 1 -1 1 -1 1 -1 1 1 1 1 -1 1 1 -1 1 1 1 1 
1621274230411731232732419 -1 -1 -1 -1 1 1 -1 -1 1 1 -1 1 1 1 1 1 -1 1 -1 1 -1 -1 1 1 1 1 
169452345264537101020835 -1 -1 -1 -1 1 1 -1 -1 1 1 1 -1 1 -1 1 -1 1 1 -1 -1 1 1 1 1 1 1 
163529350275193417202016 -1 -1 -1 -1 1 1 -1 -1 1 1 1 1 1 1 1 -1 -1 1 1 -1 1 -1 1 -1 1 1 
16349335174917493351735 -1 -1 -1 -1 1 1 -1 1 1 -1 1 1 1 -1 -1 1 -1 1 -1 1 1 1 -1 1 1 1 
16271546403019293417281613 -1 -1 -1 -1 1 1 -1 1 1 1 1 1 -1 1 -1 1 1 1 -1 -1 1 -1 -1 1 1 1 
16385217242818351423442 -1 -1 -1 1 -1 -1 1 1 1 -1 1 -1 -1 1 -1 1 1 1 1 1 1 1 -1 1 -1 1 
