16493918222021215087489 -1 -1 -1 -1 1 -1 -1 -1 1 1 -1 1 1 -1 1 1 1 -1 1 -1 1 1 1 1 1 1 
16484013231331541761048 -1 -1 -1 -1 1 -1 -1 -1 1 1 -1 1 1 1 -1 1 -1 1 1 1 -1 1 1 1 1 1 
16473514344513314918548 -1 -1 -1 -1 1 -1 -1 -1 1 1 -1 1 1 1 -1 1 1 1 -1 1 -1 1 1 1 1 1 
16453213344941831313944 -1 -1 -1 -1 1 -1 -1 -1 1 1 1 -1 1 -1 1 1 1 -1 1 1 -1 1 1 1 1 1 
16493938343621237243173 -1 -1 -1 -1 1 -1 -1 -1 1 1 1 -1 1 1 1 1 1 1 -1 -1 1 -1 1 1 1 1 
16513230171130341923271623 -1 -1 -1 -1 1 -1 -1 1 -1 -1 1 1 1 -1 1 1 1 -1 1 -1 1 1 1 1 1 1 
16502849641145523204822 -1 -1 -1 -1 1 -1 -1 1 -1 1 -1 1 -1 1 1 1 1 -1 -1 1 1 1 1 1 1 1 
16385232175028834192618 -1 -1 -1 -1 1 -1 -1 1 -1 1 -1 1 1 1 -1 1 1 -1 -1 1 1 1 1 1 1 1 
164519304813432543153118 -1 -1 -1 -1 1 -1 -1 1 -1 1 -1 1 1 1 -1 1 1 1 1 -1 -1 1 1 1 1 1 
16364536836136173619367 -1 -1 -1 -1 1 -1 -1 1 -1 1 -1 1 1 1 1 1 -1 -1 1 1 -1 1 1 1 1 1 
16403642151720242622391913 -1 -1 -1 -1 1 -1 -1 1 -1 1 -1 1 1 1 1 1 -1 1 1 -1 -1 1 1 1 1 1 
165217151321185463646348 -1 -1 -1 -1 1 -1 -1 1 -1 1 -1 1 1 1 1 1 -1 1 1 -1 1 1 -1 1 1 1 
16353934227491417512051 -1 -1 -1 -1 1 -1 -1 1 -1 1 1 1 -1 1 -1 1 -1 1 1 1 1 -1 1 1 1 1 
1628471849192462924221729 -1 -1 -1 -1 1 -1 -1 1 -1 1 1 1 -1 1 -1 1 1 1 -1 -1 1 1 1 1 1 1 
163526114016133463936839 -1 -1 -1 -1 1 -1 -1 1 -1 1 1 1 -1 1 -1 1 1 1 -1 1 1 -1 1 1 1 1 
16431512401419123434284913 -1 -1 -1 -1 1 -1 -1 1 -1 1 1 1 -1 1 -1 1 1 1 1 -1 1 1 -1 1 1 1 
