16221133103548252120312925 -1 -1 -1 -1 -1 1 1 -1 1 1 -1 1 1 1 1 -1 1 -1 1 1 1 -1 1 1 1 1 
1616131236261764113493944 -1 -1 -1 -1 -1 1 1 -1 1 1 1 -1 -1 1 1 -1 1 1 1 1 1 -1 1 1 1 1 
16182812484720349412143 -1 -1 -1 -1 -1 1 1 -1 1 1 1 -1 1 -1 -1 1 1 1 1 1 1 -1 1 1 1 1 
1623826342720472426231539 -1 -1 -1 -1 -1 1 1 -1 1 1 1 -1 1 -1 1 1 -1 1 1 1 1 -1 1 1 1 1 
16936111849495104030504 -1 -1 -1 -1 -1 1 1 -1 1 1 1 -1 1 1 -1 1 1 1 1 1 -1 1 -1 1 1 1 
161533983011252236464827 -1 -1 -1 -1 -1 1 1 -1 1 1 1 -1 1 1 1 -1 1 1 1 1 -1 -1 1 1 1 1 
16277202735421736950338 -1 -1 -1 -1 -1 1 1 -1 1 1 1 1 -1 1 -1 1 1 1 -1 1 1 -1 1 1 1 1 
1673071323617494237748 -1 -1 -1 -1 -1 1 1 -1 1 1 1 1 -1 1 -1 1 1 1 1 1 1 -1 -1 1 1 1 
1624141718503510510481034 -1 -1 -1 -1 -1 1 1 -1 1 1 1 1 -1 1 1 -1 1 1 1 -1 1 -1 1 1 1 1 
1628223450981245443246 -1 -1 -1 -1 -1 1 1 -1 1 1 1 1 -1 1 1 1 -1 1 1 -1 -1 1 1 1 1 1 
16215391243513261550435 -1 -1 -1 -1 -1 1 1 -1 1 1 1 1 1 -1 1 -1 1 1 1 -1 1 1 -1 1 1 1 
161693243133739626403713 -1 -1 -1 -1 -1 1 1 -1 1 1 1 1 1 -1 1 1 1 -1 1 -1 1 1 -1 1 1 1 
161102128356474715233644 -1 -1 -1 -1 -1 1 1 1 -1 -1 1 1 -1 1 -1 1 1 -1 1 1 1 1 1 1 1 1 
1611241231241195044222540 -1 -1 -1 -1 -1 1 1 1 -1 -1 1 1 -1 1 -1 1 1 1 1 -1 1 1 1 1 1 1 
16211220384318414847492 -1 -1 -1 -1 -1 1 1 1 -1 -1 1 1 1 -1 1 -1 1 1 1 -1 1 1 1 1 1 1 
16250628306414744231944 -1 -1 -1 -1 -1 1 1 1 -1 -1 1 1 1 -1 1 1 -1 1 -1 1 1 1 1 1 1 1 
