169161014253551292734350 -1 -1 -1 -1 -1 1 -1 1 1 -1 1 1 1 1 -1 1 1 1 1 -1 -1 1 1 1 1 1 
16633530443339163451614 -1 -1 -1 -1 -1 1 -1 1 1 1 -1 1 1 -1 1 -1 1 1 1 1 1 1 -1 1 1 1 
16146244444479037283723 -1 -1 -1 -1 -1 1 -1 1 1 1 1 1 -1 1 1 -1 1 1 1 -1 1 1 -1 1 1 1 
16132630403321647514714 -1 -1 -1 -1 -1 1 1 -1 -1 1 1 -1 1 1 1 -1 1 -1 1 1 1 1 1 1 1 1 
16165847353839433481119 -1 -1 -1 -1 -1 1 1 -1 1 -1 1 1 -1 1 1 1 -1 1 -1 1 1 1 1 1 1 1 
16139313940491845381840 -1 -1 -1 -1 -1 1 1 -1 1 -1 1 1 1 -1 -1 1 1 1 1 -1 1 1 1 1 1 1 
1618181316324744312937280 -1 -1 -1 -1 -1 1 1 -1 1 -1 1 1 1 1 -1 1 1 1 -1 1 -1 1 1 1 1 1 
164203425385114318101751 -1 -1 -1 -1 -1 1 1 -1 1 1 -1 1 -1 1 1 -1 1 1 1 1 1 1 -1 1 1 1 
1623826342720472426231539 -1 -1 -1 -1 -1 1 1 -1 1 1 1 -1 1 -1 1 1 -1 1 1 1 1 -1 1 1 1 1 
161533983011252236464827 -1 -1 -1 -1 -1 1 1 -1 1 1 1 -1 1 1 1 -1 1 1 1 1 -1 -1 1 1 1 1 
1673071323617494237748 -1 -1 -1 -1 -1 1 1 -1 1 1 1 1 -1 1 -1 1 1 1 1 1 1 -1 -1 1 1 1 
16340618393761635314447 -1 -1 -1 -1 -1 1 1 1 -1 1 1 1 1 -1 1 1 -1 1 1 -1 -1 1 1 1 1 1 
16354351550391243262151 -1 -1 -1 -1 1 -1 -1 1 -1 1 1 1 1 1 1 -1 -1 1 1 1 1 1 -1 1 1 1 
16732323446412312234644 -1 -1 -1 -1 1 -1 -1 1 1 -1 1 1 1 -1 1 1 1 1 -1 1 1 -1 1 1 1 1 
1614142412441492437373747 -1 -1 -1 -1 1 -1 -1 1 1 1 -1 1 1 -1 -1 1 1 1 1 1 -1 1 1 1 1 1 
16222495023917738213639 -1 -1 -1 -1 1 -1 -1 1 1 1 -1 1 1 -1 1 1 1 -1 1 1 1 1 1 -1 1 1 
16533220637443035412039 -1 -1 -1 -1 1 -1 -1 1 1 1 1 1 -1 1 -1 1 1 1 1 1 1 -1 -1 1 1 1 
16103274433425449325131 -1 -1 -1 -1 1 -1 -1 1 1 1 1 1 1 1 -1 1 1 1 -1 1 -1 -1 1 1 1 1 
16630391635146514433343 -1 -1 -1 -1 1 -1 1 -1 -1 1 1 1 -1 1 1 1 -1 1 1 1 -1 1 1 1 1 1 
169418361330451849103149 -1 -1 -1 -1 1 -1 1 -1 -1 1 1 1 1 1 1 1 1 -1 -1 1 1 -1 1 1 1 1 
16645143833405130736012 -1 -1 -1 -1 1 -1 1 -1 1 -1 1 1 -1 1 1 1 1 1 -1 1 1 -1 1 1 1 1 
1664620525383545441921 -1 -1 -1 -1 1 -1 1 -1 1 1 -1 1 -1 1 1 1 1 1 -1 1 1 1 -1 1 1 1 
1610351034175124145018048 -1 -1 -1 -1 1 -1 1 -1 1 1 -1 1 1 1 1 1 1 -1 1 1 -1 -1 1 1 1 1 
1623031451841142636224214 -1 -1 -1 -1 1 -1 1 -1 1 1 1 -1 -1 1 1 -1 1 1 -1 1 1 1 1 1 1 1 
1615244750261323302730261 -1 -1 -1 -1 1 -1 1 -1 1 1 1 -1 1 1 -1 1 1 1 -1 1 1 1 1 -1 1 1 
16281873834932402640383 -1 -1 -1 -1 1 -1 1 -1 1 1 1 -1 1 1 1 1 -1 1 1 -1 -1 1 1 1 1 1 
16214403475126304716133 -1 -1 -1 -1 1 -1 1 -1 1 1 1 1 1 -1 -1 1 1 1 1 1 1 -1 1 1 -1 1 
161434939434334341271221 -1 -1 -1 -1 1 -1 1 -1 1 1 1 1 1 -1 1 1 -1 1 1 -1 1 1 1 1 -1 1 
16284522322750462811833 -1 -1 -1 -1 1 -1 1 -1 1 1 1 1 1 1 1 -1 -1 1 1 1 1 -1 1 1 -1 1 
16343247487392825281635 -1 -1 -1 -1 1 -1 1 1 -1 1 -1 1 1 1 -1 1 1 -1 -1 1 1 1 1 1 1 1 
162161544364735011284723 -1 -1 -1 -1 1 -1 1 1 -1 1 1 -1 -1 1 -1 1 1 1 -1 1 1 1 1 1 1 1 
16743424472932427261715 -1 -1 -1 -1 1 -1 1 1 -1 1 1 1 -1 1 1 1 1 -1 1 1 1 -1 1 -1 1 1 
162418461912153448454343 -1 -1 -1 -1 1 -1 1 1 -1 1 1 1 1 -1 -1 1 1 1 1 -1 1 1 1 -1 1 1 
1615144732651233027162633 -1 -1 -1 -1 1 -1 1 1 -1 1 1 1 1 -1 -1 1 1 1 1 1 -1 1 1 1 -1 1 
16269521338974911313037 -1 -1 -1 -1 1 -1 1 1 -1 1 1 1 1 1 -1 -1 1 1 1 -1 1 1 1 -1 1 1 
16179523284041182038540 -1 -1 -1 -1 1 -1 1 1 -1 1 1 1 1 1 -1 -1 1 1 1 1 -1 1 1 1 -1 1 
161771943403922212434234 -1 -1 -1 -1 1 -1 1 1 -1 1 1 1 1 1 1 1 -1 1 -1 -1 1 1 -1 1 1 1 
169291831316453549503114 -1 -1 -1 -1 1 -1 1 1 1 -1 -1 -1 1 1 1 -1 1 1 1 1 1 1 -1 1 1 1 
1612311326392626431631643 -1 -1 -1 -1 1 -1 1 1 1 -1 -1 1 -1 1 1 1 1 -1 1 1 1 1 1 -1 1 1 
1694011404918594035038 -1 -1 -1 -1 1 -1 1 1 1 -1 -1 1 1 -1 1 1 1 1 1 1 -1 1 1 -1 1 1 
161513624343021505230513 -1 -1 -1 -1 1 -1 1 1 1 -1 -1 1 1 1 -1 1 -1 1 1 1 1 1 1 1 -1 1 
16272614314332314226931 -1 -1 -1 -1 1 -1 1 1 1 -1 1 -1 -1 1 1 1 -1 1 1 1 1 -1 1 1 1 1 
162103445524136265221514 -1 -1 -1 -1 1 -1 1 1 1 -1 1 -1 1 1 -1 1 1 -1 1 1 1 1 1 1 -1 1 
16410425421145811363536 -1 -1 -1 -1 1 -1 1 1 1 -1 1 1 1 1 -1 -1 1 1 -1 1 1 -1 1 1 1 1 
16321574372642441742729 -1 -1 -1 -1 1 -1 1 1 1 1 -1 -1 1 -1 1 1 1 -1 1 1 1 1 -1 1 1 1 
1639176441241161326361349 -1 -1 -1 -1 1 -1 1 1 1 1 -1 -1 1 1 -1 1 1 -1 1 1 1 -1 1 1 1 1 
16182113383216442929102834 -1 -1 -1 -1 1 -1 1 1 1 1 -1 -1 1 1 -1 1 1 1 1 1 1 -1 1 -1 1 1 
16283273434432312633844 -1 -1 -1 -1 1 -1 1 1 1 1 -1 -1 1 1 1 1 -1 1 1 -1 1 1 1 -1 1 1 
1633272033294635822222511 -1 -1 -1 -1 1 -1 1 1 1 1 -1 1 1 -1 1 1 -1 1 1 1 -1 1 -1 1 1 1 
1621274230411731232732419 -1 -1 -1 -1 1 -1 1 1 1 1 -1 1 1 1 -1 1 1 -1 1 1 1 -1 1 -1 1 1 
16162839724734354832528 -1 -1 -1 -1 1 -1 1 1 1 1 -1 1 1 1 1 1 -1 -1 1 1 1 -1 1 -1 1 1 
1653641112354936480508 -1 -1 -1 -1 1 -1 1 1 1 1 -1 1 1 1 1 1 -1 1 -1 1 1 1 -1 -1 1 1 
1635154644192052245638 -1 -1 -1 -1 1 -1 1 1 1 1 1 -1 -1 1 -1 1 1 1 1 -1 1 1 1 -1 1 1 
163391831240241837383940 -1 -1 -1 -1 1 -1 1 1 1 1 1 -1 1 1 -1 -1 1 1 1 1 1 -1 -1 1 1 1 
161124147122619644452551 -1 -1 -1 -1 1 -1 1 1 1 1 1 1 -1 -1 1 1 1 1 1 -1 1 1 -1 -1 1 1 
16342183517423842428152 -1 -1 -1 -1 1 -1 1 1 1 1 1 1 -1 1 1 -1 1 -1 1 1 -1 -1 1 1 1 1 
1617180511034504824351014 -1 -1 -1 -1 1 -1 1 1 1 1 1 1 -1 1 1 1 1 -1 -1 1 -1 1 -1 1 1 1 
161241829229324723493622 -1 -1 -1 -1 1 1 -1 -1 -1 1 1 -1 1 1 1 -1 1 -1 1 1 1 1 1 1 1 1 
16221781218461932504652 -1 -1 -1 -1 1 1 -1 -1 -1 1 1 1 1 1 1 1 -1 -1 1 1 -1 1 1 1 1 1 
16349335174917493351735 -1 -1 -1 -1 1 1 -1 -1 1 -1 1 -1 1 1 1 1 1 1 -1 1 1 -1 1 1 1 1 
16132423419501220443946 -1 -1 -1 -1 1 1 -1 -1 1 1 -1 1 -1 1 1 -1 -1 1 1 1 1 1 1 1 1 1 
1633993937734224750421 -1 -1 -1 -1 1 1 -1 -1 1 1 -1 1 1 1 1 -1 1 -1 1 -1 1 1 1 1 1 1 
1628144241330185032302913 -1 -1 -1 -1 1 1 -1 -1 1 1 1 -1 1 -1 1 -1 1 1 -1 1 1 1 1 1 1 1 
16341812384946404340243 -1 -1 -1 -1 1 1 -1 -1 1 1 1 -1 1 1 1 1 -1 1 -1 1 -1 1 1 1 1 1 
162117453181643523412437 -1 -1 -1 -1 1 1 -1 -1 1 1 1 1 1 1 -1 1 1 -1 1 -1 1 1 1 -1 1 1 
161633241334394426323731 -1 -1 -1 -1 1 1 -1 -1 1 1 1 1 1 1 1 1 -1 1 -1 1 -1 -1 1 1 1 1 
161912243424340411747222 -1 -1 -1 -1 1 1 -1 1 -1 -1 1 1 1 -1 1 -1 1 -1 1 1 1 1 1 1 1 1 
16534151228463844409382 -1 -1 -1 -1 1 1 -1 1 -1 1 -1 1 -1 -1 1 1 1 1 1 1 1 -1 1 1 1 1 
1632348122462844509452 -1 -1 -1 -1 1 1 -1 1 -1 1 -1 1 1 1 1 1 -1 -1 1 1 1 -1 1 1 1 1 
16173835795020273362742 -1 -1 -1 -1 1 1 -1 1 -1 1 1 1 -1 -1 1 1 1 1 1 1 -1 1 1 -1 1 1 
16440645641342639223514 -1 -1 -1 -1 1 1 -1 1 -1 1 1 1 -1 1 1 1 -1 -1 1 -1 1 1 1 1 1 1 
162522301836299148361541 -1 -1 -1 -1 1 1 -1 1 -1 1 1 1 1 1 1 -1 1 1 -1 -1 1 1 -1 1 1 1 
16324224446314632734123 -1 -1 -1 -1 1 1 -1 1 1 -1 1 -1 1 -1 1 -1 1 1 -1 1 1 1 1 1 1 1 
1631144112271442244372147 -1 -1 -1 -1 1 1 -1 1 1 -1 1 -1 1 1 1 -1 -1 1 1 1 1 1 1 -1 1 1 
164420024341851142263345 -1 -1 -1 -1 1 1 -1 1 1 -1 1 1 -1 1 -1 1 1 1 -1 -1 1 1 1 1 1 1 
16431334946402443126437 -1 -1 -1 -1 1 1 -1 1 1 -1 1 1 1 1 -1 1 -1 1 -1 1 1 -1 1 1 1 1 
1633101830123624493743918 -1 -1 -1 -1 1 1 -1 1 1 1 -1 -1 1 -1 1 -1 1 1 1 1 1 -1 1 1 1 1 
16343212344446314332444 -1 -1 -1 -1 1 1 -1 1 1 1 -1 -1 1 1 1 1 -1 1 -1 1 1 1 1 -1 1 1 
16224074012184693234638 -1 -1 -1 -1 1 1 -1 1 1 1 1 -1 1 1 1 1 -1 1 1 -1 -1 1 -1 1 1 1 
161316311445354329233050 -1 -1 -1 -1 1 1 -1 1 1 1 1 1 1 1 -1 1 1 -1 1 -1 -1 1 -1 1 1 1 
162221364336302331254535 -1 -1 -1 -1 1 1 1 -1 -1 1 -1 -1 1 1 -1 1 -1 1 1 1 1 1 1 1 1 1 
163016329520235023342851 -1 -1 -1 -1 1 1 1 -1 1 1 -1 -1 -1 1 1 -1 1 1 1 1 1 -1 1 1 1 1 
16439453240311830381340 -1 -1 -1 -1 1 1 1 -1 1 1 -1 1 -1 1 1 -1 -1 1 1 1 1 1 -1 1 1 1 
1650354113494449324031 -1 -1 -1 -1 1 1 1 -1 1 1 1 -1 1 -1 -1 1 1 1 -1 -1 1 1 1 1 1 1 
16272535162848334473928 -1 -1 -1 1 -1 -1 -1 1 -1 1 1 -1 1 1 1 1 1 -1 -1 1 1 1 1 1 1 1 
16226402247026414714145 -1 -1 -1 1 -1 -1 -1 1 1 -1 1 1 -1 1 -1 1 1 1 1 -1 1 1 1 1 1 1 
16237364121234232451851 -1 -1 -1 1 -1 -1 -1 1 1 -1 1 1 1 1 -1 1 1 1 1 1 -1 -1 1 1 1 1 
162291334316303531504514 -1 -1 -1 1 -1 -1 -1 1 1 1 -1 1 -1 -1 1 1 1 1 1 -1 1 1 1 1 1 1 
1618111361522332945414118 -1 -1 -1 1 -1 -1 -1 1 1 1 -1 1 1 1 1 1 1 -1 1 -1 -1 1 1 1 1 1 
162813836522402938411518 -1 -1 -1 1 -1 -1 -1 1 1 1 1 -1 1 1 1 -1 1 1 -1 1 -1 1 1 1 1 1 
1611122639715301152193852 -1 -1 -1 1 -1 -1 1 -1 -1 1 1 1 -1 1 1 1 1 -1 -1 1 1 1 1 1 1 1 
16633530443339163451614 -1 -1 -1 1 -1 -1 1 -1 -1 1 1 1 1 1 1 1 1 -1 1 -1 1 -1 1 1 1 1 
1605124481014103517345018 -1 -1 -1 1 -1 -1 1 -1 1 1 -1 -1 1 1 1 1 1 1 -1 1 1 1 -1 1 1 1 
16533220637443035412039 -1 -1 -1 1 -1 -1 1 -1 1 1 1 -1 -1 -1 1 1 1 1 1 1 1 -1 1 1 1 1 
1662626431343123139261631 -1 -1 -1 1 -1 -1 1 -1 1 1 1 -1 -1 1 -1 1 1 1 1 1 1 1 -1 1 1 1 
16173335489412040332276 -1 -1 -1 1 -1 -1 1 -1 1 1 1 -1 1 1 1 1 1 -1 1 -1 1 1 -1 1 1 1 
16340173220332741356948 -1 -1 -1 1 -1 -1 1 -1 1 1 1 1 -1 -1 1 1 1 1 1 1 1 -1 1 -1 1 1 
1615154115184345833281138 -1 -1 -1 1 -1 -1 1 -1 1 1 1 1 -1 1 1 1 1 -1 -1 1 1 1 1 1 -1 1 
1615264722260234127142645 -1 -1 -1 1 -1 -1 1 -1 1 1 1 1 1 -1 1 1 1 1 -1 -1 1 1 1 -1 1 1 
16238134043330403194518 -1 -1 -1 1 -1 -1 1 1 -1 1 -1 1 -1 -1 1 1 1 1 1 1 1 -1 1 1 1 1 
16213514939372831229229 -1 -1 -1 1 -1 -1 1 1 -1 1 -1 1 1 -1 1 -1 1 1 1 1 1 1 1 1 -1 1 
1630387295234261038161121 -1 -1 -1 1 -1 -1 1 1 -1 1 1 -1 1 -1 1 1 1 1 -1 1 -1 1 1 1 1 1 
161332373416426313933244 -1 -1 -1 1 -1 -1 1 1 1 -1 -1 1 -1 1 1 -1 1 1 1 1 1 1 -1 1 1 1 
1614161851363313342142330 -1 -1 -1 1 -1 -1 1 1 1 -1 1 -1 -1 1 -1 1 1 1 1 1 1 1 -1 1 1 1 
161849234336352171323225 -1 -1 -1 1 -1 -1 1 1 1 -1 1 -1 1 1 1 1 1 -1 1 1 -1 1 1 -1 1 1 
1626242323478152026392734 -1 -1 -1 1 -1 -1 1 1 1 -1 1 1 -1 1 1 1 1 -1 -1 1 1 1 1 1 -1 1 
1653849404031140509918 -1 -1 -1 1 -1 -1 1 1 1 -1 1 1 -1 1 1 1 1 -1 1 1 1 1 -1 1 -1 1 
1651923865244135462045 -1 -1 -1 1 -1 -1 1 1 1 1 -1 -1 -1 1 1 1 1 1 1 1 1 -1 1 1 -1 1 
16302483415936122544946 -1 -1 -1 1 -1 -1 1 1 1 1 -1 -1 1 1 -1 1 -1 1 1 1 1 1 1 -1 1 1 
163231289181329374491349 -1 -1 -1 1 -1 -1 1 1 1 1 -1 -1 1 1 1 1 -1 1 -1 1 1 1 1 -1 1 1 
16466440439123724133443 -1 -1 -1 1 -1 -1 1 1 1 1 -1 1 -1 1 1 -1 1 1 -1 -1 1 1 1 1 1 1 
1636312337141842473101816 -1 -1 -1 1 -1 -1 1 1 1 1 -1 1 1 -1 1 -1 1 1 1 1 -1 1 -1 1 1 1 
1616431231263162613433926 -1 -1 -1 1 -1 -1 1 1 1 1 -1 1 1 -1 1 1 1 1 1 -1 -1 1 1 1 -1 1 
16439846231245224342144 -1 -1 -1 1 -1 -1 1 1 1 1 -1 1 1 1 -1 1 1 -1 1 -1 -1 1 1 1 1 1 
16382283440915123844546 -1 -1 -1 1 -1 -1 1 1 1 1 1 -1 -1 1 -1 1 1 1 -1 1 1 1 1 -1 1 1 
16234551231433928423051 -1 -1 -1 1 -1 -1 1 1 1 1 1 -1 -1 1 -1 1 1 1 1 1 1 1 -1 -1 1 1 
1647923726491940134731 -1 -1 -1 1 -1 -1 1 1 1 1 1 -1 -1 1 1 -1 1 1 -1 1 -1 1 1 1 1 1 
16261023164738153426212729 -1 -1 -1 1 -1 -1 1 1 1 1 1 -1 1 1 1 1 -1 1 -1 -1 1 1 1 1 -1 1 
16463418434012382440349 -1 -1 -1 1 -1 -1 1 1 1 1 1 1 -1 -1 1 -1 1 1 1 -1 1 -1 1 1 1 1 
162813444913371831329299 -1 -1 -1 1 -1 -1 1 1 1 1 1 1 -1 1 1 -1 1 -1 1 1 1 -1 1 -1 1 1 
1623133111830142436504230 -1 -1 -1 1 -1 -1 1 1 1 1 1 1 1 -1 -1 1 1 1 1 -1 -1 1 1 1 -1 1 
1611351225417204919434632 -1 -1 -1 1 -1 -1 1 1 1 1 1 1 1 -1 1 1 -1 1 1 1 -1 -1 -1 1 1 1 
16136314045943372133043 -1 -1 -1 1 -1 -1 1 1 1 1 1 1 1 1 -1 1 1 -1 1 -1 -1 1 -1 1 1 1 
1625183512041333629292222 -1 -1 -1 1 -1 1 -1 -1 1 -1 1 1 1 1 1 -1 -1 1 1 1 -1 1 1 1 1 1 
16544413252317342831204 -1 -1 -1 1 -1 1 -1 -1 1 -1 1 1 1 1 1 -1 1 1 1 -1 1 1 1 -1 1 1 
167252636386343528223223 -1 -1 -1 1 -1 1 -1 -1 1 -1 1 1 1 1 1 1 1 1 -1 -1 1 1 -1 1 1 1 
1613411649613391712442636 -1 -1 -1 1 -1 1 -1 -1 1 1 -1 -1 1 1 1 1 -1 1 1 -1 1 1 1 1 1 1 
1605124481014103517345018 -1 -1 -1 1 -1 1 -1 -1 1 1 -1 -1 1 1 1 1 1 1 1 -1 1 1 -1 1 1 1 
16214442041233128274746 -1 -1 -1 1 -1 1 -1 -1 1 1 -1 1 1 1 -1 1 1 1 1 -1 1 -1 1 1 1 1 
16202044302395416373533 -1 -1 -1 1 -1 1 -1 -1 1 1 1 -1 -1 1 1 -1 1 1 -1 1 1 1 1 1 1 1 
16132837121635263339303210 -1 -1 -1 1 -1 1 -1 -1 1 1 1 -1 1 -1 -1 1 1 1 1 1 1 1 -1 1 1 1 
163423382528222636323576 -1 -1 -1 1 -1 1 -1 -1 1 1 1 -1 1 1 1 -1 1 1 -1 1 -1 1 1 1 1 1 
1632242823188292044391334 -1 -1 -1 1 -1 1 -1 -1 1 1 1 -1 1 1 1 1 -1 1 1 -1 -1 1 1 1 1 1 
161534411218464544339112 -1 -1 -1 1 -1 1 -1 -1 1 1 1 1 -1 1 1 1 1 -1 1 -1 1 1 1 1 -1 1 
1633164416716351645165116 -1 -1 -1 1 -1 1 -1 -1 1 1 1 1 1 -1 -1 1 1 -1 1 1 1 1 -1 1 1 1 
16289384651240238341544 -1 -1 -1 1 -1 1 -1 -1 1 1 1 1 1 1 -1 1 1 -1 -1 1 1 1 1 -1 1 1 
16931018254051382740439 -1 -1 -1 1 -1 1 -1 -1 1 1 1 1 1 1 1 1 1 -1 -1 -1 1 1 1 1 -1 1 
16134431324534334231304 -1 -1 -1 1 -1 1 -1 1 -1 -1 1 1 1 1 -1 1 1 -1 1 1 1 1 1 -1 1 1 
16141949271342173244136 -1 -1 -1 1 -1 1 -1 1 1 -1 -1 -1 1 1 1 1 1 1 1 1 -1 1 1 -1 1 1 
1618342302333361614513114 -1 -1 -1 1 -1 1 -1 1 1 -1 -1 1 1 -1 1 -1 -1 1 1 1 1 1 1 1 1 1 
163916155143343332114330 -1 -1 -1 1 -1 1 -1 1 1 -1 1 -1 1 1 -1 1 1 -1 -1 1 1 1 1 1 1 1 
1634213794750939422337 -1 -1 -1 1 -1 1 -1 1 1 -1 1 1 -1 -1 1 -1 1 1 1 1 -1 1 1 1 1 1 
1620264818492484521201814 -1 -1 -1 1 -1 1 -1 1 1 -1 1 1 1 -1 -1 1 1 1 1 1 1 -1 1 1 -1 1 
16451813384991840314093 -1 -1 -1 1 -1 1 -1 1 1 -1 1 1 1 -1 1 1 1 -1 -1 1 -1 1 1 1 1 1 
1643532813645364711470 -1 -1 -1 1 -1 1 -1 1 1 -1 1 1 1 1 1 -1 -1 -1 1 1 1 1 -1 1 1 1 
164085283815384315382815 -1 -1 -1 1 -1 1 -1 1 1 -1 1 1 1 1 1 -1 1 1 -1 -1 -1 1 1 1 1 1 
1616423913218342148212533 -1 -1 -1 1 -1 1 -1 1 1 -1 1 1 1 1 1 1 -1 -1 1 1 1 1 -1 -1 1 1 
1638212831401115483825510 -1 -1 -1 1 -1 1 -1 1 1 1 1 -1 -1 1 -1 1 1 1 1 -1 1 1 1 -1 1 1 
16473021626141514033473 -1 -1 -1 1 -1 1 -1 1 1 1 1 -1 -1 1 1 -1 1 1 1 -1 -1 1 1 1 1 1 
1638262181724364549202314 -1 -1 -1 1 -1 1 -1 1 1 1 1 -1 1 -1 -1 1 1 1 1 1 1 -1 -1 1 1 1 
16442837471444372396240 -1 -1 -1 1 -1 1 -1 1 1 1 1 -1 1 -1 1 1 -1 1 1 -1 1 1 -1 1 1 1 
16641203752035394433230 -1 -1 -1 1 -1 1 -1 1 1 1 1 -1 1 1 -1 1 1 1 1 1 1 -1 -1 -1 1 1 
16114739438191648353835 -1 -1 -1 1 -1 1 -1 1 1 1 1 -1 1 1 1 -1 1 1 1 1 -1 1 -1 -1 1 1 
1647182716264726311537230 -1 -1 -1 1 -1 1 -1 1 1 1 1 1 -1 -1 1 1 -1 1 1 -1 1 -1 1 1 1 1 
16213920348211874843493 -1 -1 -1 1 -1 1 -1 1 1 1 1 1 -1 -1 1 1 1 1 1 -1 1 1 -1 -1 1 1 
16261647314704037147218 -1 -1 -1 1 -1 1 -1 1 1 1 1 1 1 1 -1 -1 1 1 -1 1 1 -1 1 -1 1 1 
1613511623639391012342643 -1 -1 -1 1 -1 1 1 -1 -1 1 -1 -1 1 1 1 1 -1 1 1 1 1 -1 1 1 1 1 
163441514152652021453622 -1 -1 -1 1 -1 1 1 -1 -1 1 -1 1 1 1 1 1 -1 -1 1 1 1 -1 1 1 1 1 
161252391335037824191818 -1 -1 -1 1 -1 1 1 -1 -1 1 -1 1 1 1 1 1 -1 1 1 1 1 -1 1 -1 1 1 
16163584235523928342112 -1 -1 -1 1 -1 1 1 -1 1 -1 1 -1 -1 1 1 1 1 1 -1 1 1 1 1 1 -1 1 
16304322947473811463242 -1 -1 -1 1 -1 1 1 -1 1 -1 1 -1 1 1 -1 -1 1 -1 1 1 1 1 1 1 1 1 
16289391322951492231237 -1 -1 -1 1 -1 1 1 -1 1 -1 1 1 -1 -1 -1 1 1 1 -1 1 1 1 1 1 1 1 
16404459383438461522812 -1 -1 -1 1 -1 1 1 -1 1 -1 1 1 -1 -1 1 1 1 1 -1 1 -1 1 1 1 1 1 
16499943453731618401313 -1 -1 -1 1 -1 1 1 -1 1 -1 1 1 1 -1 1 1 -1 -1 1 -1 1 1 1 1 1 1 
16404726248112544229343 -1 -1 -1 1 -1 1 1 -1 1 -1 1 1 1 -1 1 1 1 -1 1 1 -1 -1 1 1 1 1 
16225034716394221489322 -1 -1 -1 1 -1 1 1 -1 1 -1 1 1 1 1 -1 1 1 1 1 -1 -1 1 1 1 -1 1 
1619451238444013025361112 -1 -1 -1 1 -1 1 1 -1 1 -1 1 1 1 1 1 1 -1 1 1 -1 -1 1 1 1 -1 1 
16316414427474204282123 -1 -1 -1 1 -1 1 1 -1 1 1 -1 1 -1 -1 1 1 1 -1 1 1 1 1 1 1 -1 1 
16353755144232011232647 -1 -1 -1 1 -1 1 1 -1 1 1 -1 1 1 1 1 1 -1 1 -1 -1 1 1 1 -1 1 1 
16441861664734313937350 -1 -1 -1 1 -1 1 1 -1 1 1 1 -1 -1 -1 1 1 1 -1 1 -1 1 1 1 1 1 1 
1635534126514426650395 -1 -1 -1 1 -1 1 1 -1 1 1 1 -1 -1 -1 1 1 1 1 -1 1 1 1 1 1 -1 1 
16365017749392212393822 -1 -1 -1 1 -1 1 1 -1 1 1 1 -1 1 1 -1 1 1 1 1 -1 -1 1 -1 1 1 1 
16353054144332037239620 -1 -1 -1 1 -1 1 1 -1 1 1 1 -1 1 1 1 1 -1 1 -1 -1 1 1 1 1 -1 1 
16135148371451438421021 -1 -1 -1 1 -1 1 1 -1 1 1 1 -1 1 1 1 1 -1 1 1 1 -1 1 -1 -1 1 1 
164641236323071846102249 -1 -1 -1 1 -1 1 1 -1 1 1 1 1 -1 1 1 1 -1 -1 1 -1 -1 1 1 1 1 1 
161533361434162135230551 -1 -1 -1 1 -1 1 1 -1 1 1 1 1 1 1 -1 1 1 1 -1 -1 -1 1 1 -1 1 1 
162116393143033715474318 -1 -1 -1 1 -1 1 1 -1 1 1 1 1 1 1 1 -1 -1 1 1 -1 -1 1 1 1 -1 1 
161392937284932918134431 -1 -1 -1 1 -1 1 1 -1 1 1 1 1 1 1 1 1 -1 -1 1 -1 -1 1 -1 1 1 1 
1622292810512121639342238 -1 -1 -1 1 -1 1 1 1 -1 -1 -1 1 1 -1 1 1 -1 1 1 1 1 1 1 -1 1 1 
16321226333710133016353928 -1 -1 -1 1 -1 1 1 1 -1 -1 1 1 -1 -1 1 -1 1 1 -1 1 1 1 1 1 1 1 
16501851011493049494036 -1 -1 -1 1 -1 1 1 1 -1 -1 1 1 1 1 -1 -1 1 1 -1 -1 1 1 1 1 1 1 
163123225302245361335436 -1 -1 -1 1 -1 1 1 1 -1 1 -1 -1 1 -1 1 1 1 1 1 1 1 -1 -1 1 1 1 
162637269153127132349479 -1 -1 -1 1 -1 1 1 1 -1 1 -1 -1 1 1 1 1 1 -1 1 1 1 1 -1 -1 1 1 
1648421613341825213921233 -1 -1 -1 1 -1 1 1 1 -1 1 1 -1 1 -1 1 1 -1 1 1 1 -1 -1 1 1 1 1 
16365017749392212393822 -1 -1 -1 1 -1 1 1 1 -1 1 1 -1 1 1 -1 1 1 1 1 -1 1 -1 -1 1 1 1 
1632372847181629044181331 -1 -1 -1 1 -1 1 1 1 -1 1 1 1 1 -1 1 1 1 -1 -1 1 -1 1 1 -1 1 1 
161545362634142122524150 -1 -1 -1 1 -1 1 1 1 -1 1 1 1 1 1 -1 1 1 1 -1 -1 1 -1 1 -1 1 1 
1626222341474515142602726 -1 -1 -1 1 -1 1 1 1 -1 1 1 1 1 1 1 -1 1 -1 -1 1 -1 1 1 -1 1 1 
1613302916281432511833443 -1 -1 -1 1 -1 1 1 1 -1 1 1 1 1 1 1 1 -1 -1 1 -1 1 -1 -1 1 1 1 
164521834339411211441546 -1 -1 -1 1 -1 1 1 1 1 -1 -1 1 1 -1 -1 1 -1 1 1 -1 1 1 1 1 1 1 
163526114016133463936839 -1 -1 -1 1 -1 1 1 1 1 -1 1 -1 -1 1 1 1 1 1 -1 1 1 1 -1 -1 1 1 
16451813384991840314093 -1 -1 -1 1 -1 1 1 1 1 -1 1 1 1 -1 1 1 -1 -1 1 -1 1 -1 1 1 1 1 
16364317214934232339387 -1 -1 -1 1 -1 1 1 1 1 -1 1 1 1 -1 1 1 -1 1 1 -1 -1 1 -1 1 1 1 
16502352511229364935406 -1 -1 -1 1 -1 1 1 1 1 1 -1 -1 1 1 1 -1 1 -1 -1 1 1 1 -1 1 1 1 
1611381301212193644402545 -1 -1 -1 1 -1 1 1 1 1 1 -1 -1 1 1 1 1 1 1 -1 1 1 -1 -1 -1 1 1 
16261926151539275223124711 -1 -1 -1 1 -1 1 1 1 1 1 -1 1 -1 1 1 -1 1 1 1 1 1 -1 -1 -1 1 1 
1642161431310233718473618 -1 -1 -1 1 -1 1 1 1 1 1 -1 1 1 1 -1 -1 1 1 -1 -1 1 -1 1 1 1 1 
16263426211510273823294716 -1 -1 -1 1 -1 1 1 1 1 1 -1 1 1 1 1 -1 1 -1 -1 1 1 -1 -1 1 1 1 
16150263040123047134724 -1 -1 -1 1 -1 1 1 1 1 1 -1 1 1 1 1 -1 1 1 1 -1 -1 1 -1 -1 1 1 
161325313696493545221823 -1 -1 -1 1 -1 1 1 1 1 1 1 1 -1 1 -1 1 1 -1 1 1 1 -1 -1 -1 1 1 
16242433445921128442346 -1 -1 -1 1 -1 1 1 1 1 1 1 1 1 -1 -1 1 -1 1 1 -1 1 1 -1 -1 1 1 
16221622165016501622165016 -1 -1 -1 1 -1 1 1 1 1 1 1 1 1 -1 -1 1 1 -1 1 -1 -1 1 -1 1 1 1 
16109274343372569405113 -1 -1 -1 1 -1 1 1 1 1 1 1 1 1 -1 1 1 -1 -1 1 -1 -1 1 -1 1 1 1 
16321182722228335084546 -1 -1 -1 1 1 -1 -1 -1 1 1 -1 1 1 1 1 1 1 -1 -1 1 -1 1 1 1 1 1 
16142104513373821151484 -1 -1 -1 1 1 -1 -1 1 -1 -1 1 -1 1 1 1 -1 1 -1 1 1 1 1 1 1 1 1 
1625235452016195384446 -1 -1 -1 1 1 -1 -1 1 -1 -1 1 1 -1 1 1 1 1 1 -1 1 1 1 1 -1 1 1 
162631239471315372692749 -1 -1 -1 1 1 -1 -1 1 -1 -1 1 1 1 1 -1 1 -1 1 1 -1 1 1 1 1 1 1 
1624231225372218363935336 -1 -1 -1 1 1 -1 -1 1 -1 -1 1 1 1 1 1 1 1 -1 1 -1 1 -1 1 1 1 1 
16144399133420465024212 -1 -1 -1 1 1 -1 -1 1 -1 1 -1 1 -1 -1 1 1 1 1 1 1 1 -1 1 1 1 1 
1623162631270473726471518 -1 -1 -1 1 1 -1 -1 1 -1 1 -1 1 1 1 -1 -1 1 -1 1 1 1 1 1 1 1 1 
16204544102355206453545 -1 -1 -1 1 1 -1 -1 1 -1 1 1 -1 -1 1 1 -1 1 1 1 1 -1 1 1 1 1 1 
16253143393227451441034 -1 -1 -1 1 1 -1 -1 1 -1 1 1 1 -1 -1 1 -1 1 1 1 1 1 1 -1 1 1 1 
1626026181537271623314747 -1 -1 -1 1 1 -1 -1 1 -1 1 1 1 1 1 1 1 1 -1 -1 1 -1 -1 1 1 1 1 
161329424111502220183936 -1 -1 -1 1 1 -1 -1 1 1 -1 1 -1 -1 1 -1 1 1 1 1 1 1 1 -1 1 1 1 
163046324533233523282834 -1 -1 -1 1 1 -1 -1 1 1 -1 1 -1 -1 1 1 1 1 -1 1 -1 1 1 1 1 1 1 
1628454426131418223241290 -1 -1 -1 1 1 -1 -1 1 1 1 1 1 -1 1 1 -1 1 1 1 -1 1 -1 1 -1 1 1 
16285251175020841195218 -1 -1 -1 1 1 -1 1 -1 -1 1 1 -1 -1 1 1 1 1 1 -1 1 -1 1 1 1 1 1 
16393313302628323537101612 -1 -1 -1 1 1 -1 1 -1 -1 1 1 1 1 1 -1 1 -1 1 -1 1 1 1 1 -1 1 1 
1613232920283432391884424 -1 -1 -1 1 1 -1 1 -1 1 -1 -1 1 1 -1 1 -1 -1 1 1 1 1 1 1 1 1 1 
16334202664372951151444 -1 -1 -1 1 1 -1 1 -1 1 -1 -1 1 1 1 1 1 1 -1 1 1 -1 -1 1 1 1 1 
1648242114184549262018820 -1 -1 -1 1 1 -1 1 -1 1 -1 1 1 1 1 1 -1 -1 1 -1 1 1 -1 1 1 1 1 
16434051371043913259276 -1 -1 -1 1 1 -1 1 -1 1 1 1 -1 1 -1 1 1 -1 1 1 1 -1 1 1 -1 1 1 
1634332424821391325211618 -1 -1 -1 1 1 -1 1 1 -1 -1 1 -1 1 1 -1 1 -1 1 -1 1 1 1 1 1 1 1 
16395115543264352112350 -1 -1 -1 1 1 -1 1 1 -1 -1 1 -1 1 1 -1 1 1 1 1 -1 1 -1 1 1 1 1 
1629311837441828471303216 -1 -1 -1 1 1 -1 1 1 -1 1 -1 -1 1 -1 1 -1 1 1 1 -1 1 1 1 1 1 1 
16445163363034143933516 -1 -1 -1 1 1 -1 1 1 -1 1 -1 -1 1 1 1 -1 1 1 1 -1 1 -1 1 1 1 1 
164792713269264915312337 -1 -1 -1 1 1 -1 1 1 -1 1 -1 1 1 1 -1 -1 -1 1 1 -1 1 1 1 1 1 1 
16514325627131040433799 -1 -1 -1 1 1 -1 1 1 -1 1 1 1 -1 -1 1 1 1 -1 1 -1 1 -1 1 1 1 1 
16484538211041511337142 -1 -1 -1 1 1 -1 1 1 -1 1 1 1 -1 -1 1 1 1 -1 1 1 -1 1 -1 1 1 1 
16463412313244734642232 -1 -1 -1 1 1 -1 1 1 -1 1 1 1 -1 1 1 1 -1 1 -1 -1 1 -1 1 1 1 1 
1635112927222220332583346 -1 -1 -1 1 1 -1 1 1 1 -1 -1 1 -1 -1 1 -1 1 1 1 1 1 -1 1 1 1 1 
16341665139363335144430 -1 -1 -1 1 1 -1 1 1 1 -1 -1 1 -1 -1 1 1 -1 1 -1 1 1 1 1 1 1 1 
163818321971528483452643 -1 -1 -1 1 1 -1 1 1 1 -1 -1 1 -1 1 -1 -1 1 1 1 1 -1 1 1 1 1 1 
16463812403237404692218 -1 -1 -1 1 1 -1 1 1 1 -1 -1 1 -1 1 1 1 -1 1 -1 1 1 1 1 -1 1 1 
165125253627610354322923 -1 -1 -1 1 1 -1 1 1 1 -1 1 -1 1 1 1 -1 -1 1 -1 1 1 1 1 -1 1 1 
164330431621141551333393 -1 -1 -1 1 1 -1 1 1 1 -1 1 1 1 1 -1 1 -1 -1 1 1 -1 1 -1 1 1 1 
163743396321316401337269 -1 -1 -1 1 1 -1 1 1 1 -1 1 1 1 1 -1 1 -1 1 1 -1 -1 1 -1 1 1 1 
16489254691215230343644 -1 -1 -1 1 1 -1 1 1 1 1 -1 -1 1 -1 -1 1 1 -1 1 1 1 -1 1 1 1 1 
165262023535282517364122 -1 -1 -1 1 1 -1 1 1 1 1 1 -1 -1 1 -1 -1 1 1 1 1 -1 1 -1 1 1 1 
161338421512850152083943 -1 -1 -1 1 1 1 -1 -1 1 -1 -1 1 -1 1 1 -1 1 1 1 1 1 1 -1 1 1 1 
16242617182224424519204014 -1 -1 -1 1 1 1 -1 -1 1 -1 1 -1 1 1 -1 -1 1 -1 1 1 1 1 1 1 1 1 
165017131201642539411337 -1 -1 -1 1 1 1 -1 -1 1 1 -1 1 1 1 -1 1 -1 -1 1 -1 1 1 1 1 1 1 
16451442211242323539417 -1 -1 -1 1 1 1 -1 -1 1 1 1 -1 1 -1 1 -1 -1 1 1 -1 1 1 1 1 1 1 
16726172974471532434242 -1 -1 -1 1 1 1 -1 1 -1 -1 1 -1 -1 1 1 -1 -1 1 1 1 1 1 1 1 1 1 
16283453117442034145232 -1 -1 -1 1 1 1 -1 1 -1 -1 1 -1 -1 1 1 1 1 1 1 -1 1 1 -1 1 1 1 
16395115543264352112350 -1 -1 -1 1 1 1 -1 1 -1 -1 1 -1 1 1 -1 1 1 1 -1 1 1 -1 1 1 1 1 
16263128332323847443434 -1 -1 -1 1 1 1 -1 1 -1 -1 1 1 -1 -1 1 -1 1 1 -1 1 1 1 1 1 1 1 
16445163363034143933516 -1 -1 -1 1 1 1 -1 1 -1 -1 1 1 -1 1 1 1 1 -1 1 -1 1 1 -1 1 1 1 
16131629342829322118384410 -1 -1 -1 1 1 1 -1 1 -1 1 -1 -1 1 -1 -1 1 1 -1 1 1 1 1 1 1 1 1 
16445163363034143933516 -1 -1 -1 1 1 1 -1 1 -1 1 -1 -1 1 1 1 -1 1 1 -1 1 1 -1 1 1 1 1 
1642172719423412721303132 -1 -1 -1 1 1 1 -1 1 -1 1 1 -1 1 -1 -1 1 1 -1 -1 1 1 1 1 1 1 1 
1646793527283635474128 -1 -1 -1 1 1 1 -1 1 -1 1 1 -1 1 1 -1 -1 1 -1 -1 1 1 1 1 1 1 1 
16402593656503511224923 -1 -1 -1 1 1 1 -1 1 1 1 -1 1 1 1 1 -1 -1 1 -1 -1 1 -1 1 1 1 1 
1647132712630262415502330 -1 -1 -1 1 1 1 -1 1 1 1 1 -1 1 -1 -1 1 1 -1 -1 1 -1 1 1 1 1 1 
16243553492824471728457 -1 -1 -1 1 1 1 1 -1 -1 1 -1 -1 1 -1 1 -1 1 1 1 -1 1 1 1 1 1 1 
16504612204442343912139 -1 -1 -1 1 1 1 1 -1 -1 1 1 -1 1 -1 1 1 -1 1 -1 1 -1 1 1 1 1 1 
16340618393761635314447 -1 -1 -1 1 1 1 1 1 -1 -1 1 1 -1 -1 1 -1 -1 1 -1 1 1 1 1 1 1 1 
16274943233917213833634 -1 -1 1 -1 -1 1 -1 -1 1 1 1 -1 -1 1 -1 1 -1 1 1 1 1 1 1 1 1 1 
16349384328372663240713 -1 -1 1 -1 -1 1 -1 -1 1 1 1 -1 1 1 1 1 -1 1 -1 1 -1 1 1 1 1 1 
1611184038509494094053 -1 -1 1 -1 -1 1 -1 1 -1 -1 1 1 1 -1 1 -1 1 -1 1 1 1 1 1 1 1 1 
16291218394415281113193252 -1 -1 1 -1 -1 1 -1 1 -1 -1 1 1 1 1 1 1 -1 -1 1 1 -1 1 1 1 1 1 
1611324034504493193544 -1 -1 1 -1 -1 1 -1 1 -1 -1 1 1 1 1 1 1 1 -1 1 1 -1 1 -1 1 1 1 
1618363718394912103330244 -1 -1 1 -1 -1 1 -1 1 -1 1 -1 1 1 1 1 -1 -1 1 1 1 1 1 1 -1 1 1 
1625483025362191148101531 -1 -1 1 -1 -1 1 -1 1 -1 1 1 1 -1 -1 1 1 1 1 1 -1 1 1 -1 1 1 1 
1617483230423771749736 -1 -1 1 -1 -1 1 -1 1 -1 1 1 1 -1 -1 1 1 1 1 1 1 -1 1 1 -1 1 1 
16381921275132213016231717 -1 -1 1 -1 -1 1 -1 1 -1 1 1 1 -1 1 1 1 1 -1 1 -1 -1 1 1 1 1 1 
163029484115136222518936 -1 -1 1 -1 -1 1 -1 1 -1 1 1 1 1 -1 -1 1 1 1 -1 1 1 1 1 -1 1 1 
16622354144453914340626 -1 -1 1 -1 -1 1 -1 1 -1 1 1 1 1 1 1 1 1 -1 1 -1 -1 1 1 1 -1 1 
163622154625334811927308 -1 -1 1 -1 -1 1 -1 1 1 -1 -1 1 1 1 1 -1 1 -1 1 -1 1 1 1 1 1 1 
163840174643918361133426 -1 -1 1 -1 -1 1 -1 1 1 -1 1 -1 1 1 1 -1 1 1 1 -1 -1 1 1 1 1 1 
163630521355034115242130 -1 -1 1 -1 -1 1 -1 1 1 -1 1 1 1 1 1 -1 -1 1 1 1 -1 1 -1 1 1 1 
162829235035130345202316 -1 -1 1 -1 -1 1 -1 1 1 1 -1 -1 1 -1 1 -1 1 1 1 1 1 -1 1 1 1 1 
16344038928382633218740 -1 -1 1 -1 -1 1 -1 1 1 1 -1 -1 1 1 1 1 -1 1 -1 1 1 1 1 -1 1 1 
163616525153343315142130 -1 -1 1 -1 -1 1 -1 1 1 1 -1 1 1 1 -1 -1 1 1 1 -1 1 1 1 1 -1 1 
16473023026241134014750 -1 -1 1 -1 -1 1 -1 1 1 1 1 -1 -1 1 1 1 -1 1 1 -1 -1 1 1 1 1 1 
1626134749473740311929 -1 -1 1 -1 -1 1 -1 1 1 1 1 1 1 1 -1 1 -1 1 -1 1 1 -1 1 -1 1 1 
1631413614422618023451422 -1 -1 1 -1 -1 1 1 -1 -1 1 -1 1 1 1 1 -1 1 -1 1 1 1 -1 1 1 1 1 
163649233114942931371813 -1 -1 1 -1 -1 1 1 -1 1 -1 1 -1 1 1 1 1 -1 1 1 1 -1 -1 1 1 1 1 
16493454724717282428535 -1 -1 1 -1 -1 1 1 -1 1 1 1 1 -1 -1 1 -1 1 -1 1 1 1 1 -1 1 1 1 
16353129482210202525113321 -1 -1 1 -1 -1 1 1 -1 1 1 1 1 -1 1 1 1 1 -1 -1 1 -1 1 -1 1 1 1 
1631303630422418132311450 -1 -1 1 -1 -1 1 1 1 -1 1 -1 -1 1 -1 1 1 -1 1 1 1 1 1 -1 1 1 1 
1648421613341825213921233 -1 -1 1 -1 -1 1 1 1 -1 1 1 -1 1 -1 1 -1 1 1 1 1 -1 -1 1 1 1 1 
1632222841184529144401326 -1 -1 1 -1 1 -1 -1 1 -1 1 -1 1 1 1 1 1 -1 1 1 -1 -1 1 1 1 1 1 
1610515048014173510342418 -1 -1 1 -1 1 -1 -1 1 -1 1 1 1 -1 1 1 1 1 1 -1 1 1 1 -1 -1 1 1 
16204348249418122131847 -1 -1 1 -1 1 -1 -1 1 -1 1 1 1 1 -1 1 1 1 1 1 -1 -1 1 1 -1 1 1 
1624143747372444141412937 -1 -1 1 -1 1 -1 -1 1 1 -1 1 1 1 1 1 1 1 -1 1 -1 -1 1 -1 1 1 1 
163944243218333341231374 -1 -1 1 -1 1 -1 -1 1 1 1 -1 -1 1 1 -1 1 1 1 -1 1 -1 1 1 1 1 1 
16499383936723222501721 -1 -1 1 -1 1 -1 -1 1 1 1 -1 1 1 1 -1 1 1 -1 -1 1 -1 1 1 1 1 1 
164637204122111424451951 -1 -1 1 -1 1 -1 -1 1 1 1 1 -1 -1 1 1 -1 1 1 1 -1 -1 1 1 1 1 1 
16124534204926142443141218 -1 -1 1 -1 1 -1 1 -1 -1 1 -1 1 1 1 -1 -1 1 1 1 1 1 1 1 -1 1 1 
1620462211258292733333522 -1 -1 1 -1 1 -1 1 -1 -1 1 1 -1 -1 1 1 1 1 1 1 1 -1 -1 1 1 1 1 
16363747142112114735141524 -1 -1 1 -1 1 -1 1 -1 -1 1 1 1 -1 1 1 -1 -1 1 1 1 1 -1 1 1 1 1 
16135384218523428174242 -1 -1 1 -1 1 -1 1 -1 1 -1 -1 1 -1 1 1 -1 -1 1 1 1 1 1 1 1 1 1 
16393144373418354760616 -1 -1 1 -1 1 -1 1 -1 1 1 1 1 -1 -1 1 1 -1 1 1 1 1 -1 1 1 -1 1 
16301843383191340454023 -1 -1 1 -1 1 -1 1 -1 1 1 1 1 1 1 1 -1 -1 1 1 -1 -1 1 1 1 -1 1 
162429434145121228182336 -1 -1 1 -1 1 -1 1 1 -1 -1 1 1 -1 -1 1 -1 1 1 -1 1 1 1 1 1 1 1 
1639436511234162326101339 -1 -1 1 -1 1 -1 1 1 -1 -1 1 1 1 1 1 -1 1 1 -1 -1 1 1 1 1 -1 1 
16174432424215726729743 -1 -1 1 -1 1 -1 1 1 -1 -1 1 1 1 1 1 1 1 -1 1 1 -1 -1 1 1 -1 1 
16393450124246134419202 -1 -1 1 -1 1 -1 1 1 -1 1 1 1 1 1 -1 1 -1 1 1 -1 -1 1 -1 1 1 1 
163624492338822201939134 -1 -1 1 -1 1 -1 1 1 1 -1 -1 1 -1 1 1 -1 1 1 1 1 1 1 -1 -1 1 1 
16482934114024232547264 -1 -1 1 -1 1 -1 1 1 1 -1 -1 1 1 1 -1 1 -1 -1 1 1 1 1 1 -1 1 1 
16354534266144422641390 -1 -1 1 -1 1 -1 1 1 1 -1 -1 1 1 1 -1 1 1 1 1 1 -1 -1 1 -1 1 1 
1647392782623263415242320 -1 -1 1 -1 1 -1 1 1 1 -1 1 1 -1 -1 1 1 1 1 -1 -1 1 1 1 1 -1 1 
164935950452931161814133 -1 -1 1 -1 1 -1 1 1 1 -1 1 1 -1 1 1 1 -1 1 -1 -1 1 -1 1 1 1 1 
16434345621331403037139 -1 -1 1 -1 1 -1 1 1 1 -1 1 1 1 1 -1 -1 1 1 1 -1 -1 1 -1 1 1 1 
1639424813251822116213433 -1 -1 1 -1 1 1 -1 -1 1 1 1 -1 -1 1 -1 1 1 1 1 -1 1 1 1 -1 1 1 
164347430213115183163937 -1 -1 1 -1 1 1 -1 -1 1 1 1 1 1 -1 -1 1 1 1 -1 1 1 -1 1 -1 1 1 
16423672517327177373252 -1 -1 1 -1 1 1 -1 -1 1 1 1 1 1 1 -1 -1 1 -1 1 1 1 1 -1 -1 1 1 
16334820252921351122102531 -1 -1 1 -1 1 1 -1 1 -1 -1 1 1 -1 -1 1 1 1 -1 1 -1 1 1 1 1 1 1 
16423627413244949117113 -1 -1 1 -1 1 1 -1 1 -1 1 1 -1 -1 1 1 -1 1 -1 1 -1 1 1 1 1 1 1 
16492845282431772435547 -1 -1 1 -1 1 1 -1 1 -1 1 1 1 -1 -1 1 1 -1 -1 1 1 -1 1 1 1 1 1 
16464046973822312183240 -1 -1 1 -1 1 1 -1 1 1 -1 1 -1 1 1 1 -1 -1 1 1 1 1 1 -1 -1 1 1 
164341124714121243342493 -1 -1 1 -1 1 1 1 -1 -1 1 1 -1 -1 1 1 1 -1 1 -1 1 1 1 1 1 -1 1 
1642451426311423221841360 -1 -1 1 -1 1 1 1 -1 -1 1 1 -1 -1 1 1 1 1 1 -1 1 -1 1 1 1 -1 1 
164817383210491351325143 -1 -1 1 -1 1 1 1 -1 1 1 1 1 -1 1 -1 -1 1 -1 1 1 1 1 -1 -1 1 1 
