16474716241115241629443 -1 -1 -1 -1 1 -1 -1 1 -1 1 1 1 -1 1 1 1 -1 -1 1 1 1 1 1 1 -1 1 
165033201850213273815451 -1 -1 -1 -1 1 -1 -1 1 -1 1 1 1 -1 1 1 1 1 -1 -1 1 1 1 1 1 -1 1 
16432240431848275037616 -1 -1 -1 -1 1 -1 -1 1 -1 1 1 1 -1 1 1 1 1 1 -1 1 -1 -1 1 1 1 1 
163751910241314244393732 -1 -1 -1 -1 1 -1 -1 1 -1 1 1 1 1 -1 1 -1 1 -1 1 1 1 1 1 -1 1 1 
1643293103921211643341538 -1 -1 -1 -1 1 -1 -1 1 -1 1 1 1 1 -1 1 1 1 -1 1 -1 1 1 1 -1 1 1 
16503555011299164914403 -1 -1 -1 -1 1 -1 -1 1 -1 1 1 1 1 1 -1 -1 1 1 1 1 -1 1 1 1 -1 1 
165120445164522351545310 -1 -1 -1 -1 1 -1 -1 1 -1 1 1 1 1 1 -1 1 1 1 -1 1 1 -1 -1 1 1 1 
164943122112344331439347 -1 -1 -1 -1 1 -1 -1 1 -1 1 1 1 1 1 1 -1 -1 1 1 1 -1 1 1 1 -1 1 
164950127123943211493422 -1 -1 -1 -1 1 -1 -1 1 1 -1 -1 1 1 -1 1 -1 1 -1 1 1 1 1 1 1 1 1 
1649350189404038540119 -1 -1 -1 -1 1 -1 -1 1 1 -1 -1 1 1 -1 1 1 1 1 1 -1 1 -1 1 1 1 1 
162745019204616381513552 -1 -1 -1 -1 1 -1 -1 1 1 -1 1 1 1 -1 1 -1 1 -1 1 1 1 1 -1 1 1 1 
164236113940293913261846 -1 -1 -1 -1 1 -1 -1 1 1 -1 1 1 1 -1 1 -1 1 1 1 -1 1 1 1 1 -1 1 
163947220231221828165137 -1 -1 -1 -1 1 -1 -1 1 1 -1 1 1 1 1 1 -1 1 -1 1 -1 1 1 1 1 -1 1 
1644515220165477419165 -1 -1 -1 -1 1 -1 -1 1 1 -1 1 1 1 1 1 1 1 -1 1 -1 -1 -1 1 1 1 1 
164943451624471762411525 -1 -1 -1 -1 1 -1 -1 1 1 1 -1 -1 -1 1 -1 1 1 1 -1 1 1 1 1 1 1 1 
1645281312493518333130910 -1 -1 -1 -1 1 -1 -1 1 1 1 -1 -1 1 -1 1 1 1 -1 1 1 1 1 1 -1 1 1 
163646524651734181582113 -1 -1 -1 -1 1 -1 -1 1 1 1 -1 1 -1 -1 -1 1 1 1 1 1 -1 1 1 1 1 1 
1634213794750939422337 -1 -1 -1 -1 1 -1 -1 1 1 1 -1 1 -1 -1 1 1 1 1 -1 1 1 1 -1 1 1 1 
164639173416213072743293 -1 -1 -1 -1 1 -1 -1 1 1 1 -1 1 -1 -1 1 1 1 1 -1 1 1 1 1 1 -1 1 
16252535112031331029212248 -1 -1 -1 -1 1 -1 -1 1 1 1 -1 1 -1 1 -1 1 1 1 -1 1 1 -1 1 1 1 1 
164112481850262310544927 -1 -1 -1 -1 1 -1 -1 1 1 1 -1 1 -1 1 -1 1 1 1 1 1 1 -1 -1 1 1 1 
