1646512833185412627740 -1 -1 -1 -1 -1 1 1 -1 1 -1 -1 1 1 -1 1 -1 1 -1 1 1 1 1 1 1 1 1 
1651730371134344123191611 -1 -1 -1 -1 -1 1 1 -1 1 -1 -1 1 1 1 1 -1 1 1 1 -1 1 1 1 -1 1 1 
1647513510151321236391132 -1 -1 -1 -1 -1 1 1 -1 1 -1 1 -1 -1 1 1 -1 1 -1 1 1 1 1 1 1 1 1 
164337432621515253263929 -1 -1 -1 -1 -1 1 1 -1 1 -1 1 -1 1 -1 -1 1 1 1 1 -1 1 1 1 1 1 1 
16343448733164322214239 -1 -1 -1 -1 -1 1 1 -1 1 -1 1 -1 1 -1 1 1 -1 1 1 -1 1 1 1 1 1 1 
16474614621747182684013 -1 -1 -1 -1 -1 1 1 -1 1 -1 1 -1 1 1 -1 -1 1 1 1 1 1 1 1 -1 1 1 
164981934120382436232239 -1 -1 -1 -1 -1 1 1 -1 1 -1 1 -1 1 1 1 -1 1 1 1 1 -1 1 1 -1 1 1 
16491384336272392251742 -1 -1 -1 -1 -1 1 1 -1 1 -1 1 -1 1 1 1 1 1 -1 1 1 1 -1 -1 1 1 1 
1632502830181293044131324 -1 -1 -1 -1 -1 1 1 -1 1 -1 1 1 -1 -1 1 -1 1 1 1 -1 1 1 1 1 1 1 
162639528382373411243020 -1 -1 -1 -1 -1 1 1 -1 1 -1 1 1 -1 -1 1 1 1 -1 1 -1 1 1 1 1 1 1 
1625441942115112612294443 -1 -1 -1 -1 -1 1 1 -1 1 -1 1 1 -1 1 -1 1 -1 1 1 1 -1 1 1 1 1 1 
16334144991314175444736 -1 -1 -1 -1 -1 1 1 -1 1 -1 1 1 -1 1 -1 1 -1 1 1 1 1 1 -1 1 1 1 
16242849281735745352447 -1 -1 -1 -1 -1 1 1 -1 1 -1 1 1 -1 1 -1 1 1 1 -1 1 -1 1 1 1 1 1 
16291741461472050158532 -1 -1 -1 -1 -1 1 1 -1 1 -1 1 1 1 -1 1 1 1 -1 1 1 -1 -1 1 1 1 1 
163135250302945161314433 -1 -1 -1 -1 -1 1 1 -1 1 -1 1 1 1 1 -1 -1 1 1 1 -1 1 1 1 -1 1 1 
16283923423430145512351 -1 -1 -1 -1 -1 1 1 -1 1 -1 1 1 1 1 1 -1 1 -1 1 -1 1 1 -1 1 1 1 
1648152140181949342028813 -1 -1 -1 -1 -1 1 1 -1 1 -1 1 1 1 1 1 -1 1 1 1 -1 -1 1 1 -1 1 1 
16242837293794444147931 -1 -1 -1 -1 -1 1 1 -1 1 1 -1 -1 1 1 1 -1 1 -1 1 1 1 -1 1 1 1 1 
1633362012914353122312535 -1 -1 -1 -1 -1 1 1 -1 1 1 -1 1 -1 1 -1 1 1 1 -1 1 1 1 1 -1 1 1 
16255064430741244420192 -1 -1 -1 -1 -1 1 1 -1 1 1 -1 1 -1 1 1 -1 -1 1 1 1 1 1 -1 1 1 1 
16194441246225203074450 -1 -1 -1 -1 -1 1 1 -1 1 1 -1 1 1 1 1 -1 1 -1 1 -1 1 -1 1 1 1 1 
