1653641112354936480508 -1 -1 -1 -1 1 -1 1 1 1 1 -1 1 1 1 1 1 -1 1 -1 1 1 1 -1 -1 1 1 
1635154644192052245638 -1 -1 -1 -1 1 -1 1 1 1 1 1 -1 -1 1 -1 1 1 1 1 -1 1 1 1 -1 1 1 
16233363924338341774921 -1 -1 -1 -1 1 -1 1 1 1 1 1 -1 1 -1 1 1 -1 1 1 1 1 1 -1 -1 1 1 
16152621503543513954312 -1 -1 -1 -1 1 -1 1 1 1 1 1 -1 1 -1 1 1 1 1 -1 1 1 1 -1 -1 1 1 
1640993540501811384940 -1 -1 -1 -1 1 -1 1 1 1 1 1 -1 1 1 -1 -1 1 1 1 1 -1 -1 1 1 1 1 
163391831240241837383940 -1 -1 -1 -1 1 -1 1 1 1 1 1 -1 1 1 -1 -1 1 1 1 1 1 -1 -1 1 1 1 
162824233533430285332346 -1 -1 -1 -1 1 -1 1 1 1 1 1 -1 1 1 -1 1 1 -1 1 1 1 -1 -1 1 1 1 
163134535181495013164929 -1 -1 -1 -1 1 -1 1 1 1 1 1 -1 1 1 1 -1 -1 1 1 1 -1 1 1 -1 1 1 
161225433624643534224623 -1 -1 -1 -1 1 -1 1 1 1 1 1 -1 1 1 1 -1 1 1 -1 1 1 1 -1 -1 1 1 
16237353920306335204441 -1 -1 -1 -1 1 -1 1 1 1 1 1 -1 1 1 1 1 -1 1 1 -1 1 1 -1 -1 1 1 
16321182722228335084546 -1 -1 -1 -1 1 -1 1 1 1 1 1 1 -1 -1 1 1 1 1 -1 -1 1 1 1 -1 1 1 
161124147122619644452551 -1 -1 -1 -1 1 -1 1 1 1 1 1 1 -1 -1 1 1 1 1 1 -1 1 1 -1 -1 1 1 
1633993937734224750421 -1 -1 -1 -1 1 -1 1 1 1 1 1 1 -1 1 -1 1 1 1 -1 -1 1 1 -1 1 1 1 
1625246373014411444471912 -1 -1 -1 -1 1 -1 1 1 1 1 1 1 -1 1 -1 1 1 1 -1 1 1 -1 -1 1 1 1 
16342183517423842428152 -1 -1 -1 -1 1 -1 1 1 1 1 1 1 -1 1 1 -1 1 -1 1 1 -1 -1 1 1 1 1 
1626151643394837183219135 -1 -1 -1 -1 1 -1 1 1 1 1 1 1 -1 1 1 -1 1 1 -1 1 -1 1 -1 1 1 1 
161725143345141038511820 -1 -1 -1 -1 1 -1 1 1 1 1 1 1 -1 1 1 1 -1 1 1 -1 -1 1 -1 1 1 1 
16206933332354827401741 -1 -1 -1 -1 1 -1 1 1 1 1 1 1 -1 1 1 1 1 -1 -1 -1 1 1 1 -1 1 1 
1617180511034504824351014 -1 -1 -1 -1 1 -1 1 1 1 1 1 1 -1 1 1 1 1 -1 -1 1 -1 1 -1 1 1 1 
16211415123614352411374747 -1 -1 -1 -1 1 -1 1 1 1 1 1 1 1 -1 -1 1 1 1 1 -1 -1 1 1 -1 1 1 
