16525011513012385265726 -1 -1 -1 -1 -1 -1 1 1 -1 -1 1 1 1 1 -1 1 -1 1 1 1 -1 1 1 1 1 1 
1650411049241301710441736 -1 -1 -1 -1 -1 -1 1 1 -1 1 -1 1 1 1 -1 1 -1 1 1 1 1 -1 1 1 1 1 
1649381929134381036162221 -1 -1 -1 -1 -1 -1 1 1 -1 1 1 1 1 -1 1 1 -1 1 1 1 -1 1 -1 1 1 1 
16363747142112114735141524 -1 -1 -1 -1 -1 -1 1 1 1 -1 1 -1 1 1 1 -1 1 1 -1 1 1 -1 1 1 1 1 
164832212418354902011847 -1 -1 -1 -1 -1 1 -1 -1 1 1 1 -1 1 1 1 -1 1 1 1 -1 1 -1 1 1 1 1 
1649445032934034531114 -1 -1 -1 -1 -1 1 -1 1 -1 -1 1 1 1 1 1 1 -1 1 1 -1 -1 1 1 1 1 1 
16452824285324749351747 -1 -1 -1 -1 -1 1 -1 1 -1 1 -1 1 1 1 1 -1 1 1 -1 1 1 -1 1 1 1 1 
164024503761418144347812 -1 -1 -1 -1 -1 1 -1 1 -1 1 1 -1 1 1 -1 1 1 1 1 -1 -1 1 1 1 1 1 
1634433324441212513047 -1 -1 -1 -1 -1 1 -1 1 -1 1 1 1 -1 1 1 1 1 -1 -1 1 1 -1 1 1 1 1 
16494099453831318181340 -1 -1 -1 -1 -1 1 -1 1 -1 1 1 1 1 1 -1 1 1 1 -1 -1 1 1 1 -1 1 1 
1647933253414279423743 -1 -1 -1 -1 -1 1 -1 1 1 -1 1 -1 1 1 1 1 -1 1 1 1 -1 1 -1 1 1 1 
1650414510501138101372017 -1 -1 -1 -1 -1 1 -1 1 1 1 -1 -1 -1 1 1 -1 1 1 1 1 1 1 -1 1 1 1 
164543241654724649111725 -1 -1 -1 -1 -1 1 -1 1 1 1 -1 -1 1 1 1 -1 1 1 -1 1 1 1 1 1 -1 1 
163049434311013364518230 -1 -1 -1 -1 -1 1 -1 1 1 1 -1 1 -1 -1 1 1 -1 1 1 1 1 -1 1 1 1 1 
16504143198763440111837 -1 -1 -1 -1 -1 1 -1 1 1 1 -1 1 -1 -1 1 1 1 1 1 -1 1 1 1 1 -1 1 
164323432021341539383924 -1 -1 -1 -1 -1 1 -1 1 1 1 -1 1 1 1 1 -1 1 1 1 -1 -1 1 -1 1 1 1 
1636345221510343815292116 -1 -1 -1 -1 -1 1 -1 1 1 1 1 1 -1 1 1 -1 1 1 1 -1 -1 1 -1 1 1 1 
164024503761418144347812 -1 -1 -1 -1 -1 1 1 -1 -1 1 -1 1 1 1 1 1 -1 1 -1 1 1 -1 1 1 1 1 
165213114630838462618717 -1 -1 -1 -1 -1 1 1 -1 -1 1 1 1 -1 1 -1 1 1 1 1 1 -1 1 1 -1 1 1 
1649453820362623242141718 -1 -1 -1 -1 -1 1 1 -1 -1 1 1 1 1 1 1 1 1 -1 -1 1 -1 1 -1 1 1 1 
1646512833185412627740 -1 -1 -1 -1 -1 1 1 -1 1 -1 -1 1 1 -1 1 -1 1 -1 1 1 1 1 1 1 1 1 
16242849281735745352447 -1 -1 -1 -1 -1 1 1 -1 1 -1 1 1 -1 1 -1 1 1 1 -1 1 -1 1 1 1 1 1 
1633362012914353122312535 -1 -1 -1 -1 -1 1 1 -1 1 1 -1 1 -1 1 -1 1 1 1 -1 1 1 1 1 -1 1 1 
16194441246225203074450 -1 -1 -1 -1 -1 1 1 -1 1 1 -1 1 1 1 1 -1 1 -1 1 -1 1 -1 1 1 1 1 
16342643181224494512201414 -1 -1 -1 -1 -1 1 1 -1 1 1 1 1 -1 1 1 1 -1 1 1 -1 -1 1 -1 1 1 1 
16341343361239491512261420 -1 -1 -1 -1 -1 1 1 1 -1 -1 1 -1 1 1 -1 1 1 1 -1 1 1 1 -1 1 1 1 
16453213344941831313944 -1 -1 -1 -1 1 -1 -1 -1 1 1 1 -1 1 -1 1 1 1 -1 1 1 -1 1 1 1 1 1 
16513230171130341923271623 -1 -1 -1 -1 1 -1 -1 1 -1 -1 1 1 1 -1 1 1 1 -1 1 -1 1 1 1 1 1 1 
16431512401419123434284913 -1 -1 -1 -1 1 -1 -1 1 -1 1 1 1 -1 1 -1 1 1 1 1 -1 1 1 -1 1 1 1 
1643293103921211643341538 -1 -1 -1 -1 1 -1 -1 1 -1 1 1 1 1 -1 1 1 1 -1 1 -1 1 1 1 -1 1 1 
164950127123943211493422 -1 -1 -1 -1 1 -1 -1 1 1 -1 -1 1 1 -1 1 -1 1 -1 1 1 1 1 1 1 1 1 
163947220231221828165137 -1 -1 -1 -1 1 -1 -1 1 1 -1 1 1 1 1 1 -1 1 -1 1 -1 1 1 1 1 -1 1 
1645281312493518333130910 -1 -1 -1 -1 1 -1 -1 1 1 1 -1 -1 1 -1 1 1 1 -1 1 1 1 1 1 -1 1 1 
164639173416213072743293 -1 -1 -1 -1 1 -1 -1 1 1 1 -1 1 -1 -1 1 1 1 1 -1 1 1 1 1 1 -1 1 
162238714045144612521619 -1 -1 -1 -1 1 -1 -1 1 1 1 -1 1 1 -1 1 1 -1 1 -1 1 1 1 -1 1 1 1 
1620264818492484521201814 -1 -1 -1 -1 1 -1 -1 1 1 1 1 -1 -1 1 1 -1 1 1 1 -1 1 -1 1 1 1 1 
164137304444361619222527 -1 -1 -1 -1 1 -1 -1 1 1 1 1 -1 1 -1 1 -1 1 1 1 1 1 1 -1 -1 1 1 
1626215238381672911103034 -1 -1 -1 -1 1 -1 -1 1 1 1 1 1 -1 -1 1 1 1 1 -1 1 -1 1 -1 1 1 1 
1632103428263071238332835 -1 -1 -1 -1 1 -1 1 -1 1 -1 1 1 -1 -1 1 1 1 1 -1 1 1 -1 1 1 1 1 
161628299466274830401718 -1 -1 -1 -1 1 -1 1 -1 1 1 1 -1 -1 1 1 -1 1 1 -1 1 1 -1 1 1 1 1 
1639271943418105031133136 -1 -1 -1 -1 1 -1 1 1 -1 -1 1 1 -1 1 -1 1 1 1 -1 1 1 1 1 1 -1 1 
16344048453616622304220 -1 -1 -1 -1 1 -1 1 1 -1 1 -1 1 -1 -1 -1 1 1 1 1 1 -1 1 1 1 1 1 
163431112823730291644519 -1 -1 -1 -1 1 -1 1 1 -1 1 -1 1 1 -1 -1 1 1 1 1 1 -1 1 1 1 -1 1 
163529364411311574792128 -1 -1 -1 -1 1 -1 1 1 -1 1 1 1 1 1 -1 1 1 1 -1 -1 -1 1 -1 1 1 1 
164350451623311430291335 -1 -1 -1 -1 1 -1 1 1 -1 1 1 1 1 1 1 1 -1 1 -1 -1 -1 1 -1 1 1 1 
162943309174246251627271 -1 -1 -1 -1 1 -1 1 1 1 -1 -1 1 -1 -1 1 1 1 -1 1 1 1 1 1 -1 1 1 
1615452710163535200452045 -1 -1 -1 -1 1 -1 1 1 1 -1 1 -1 1 1 1 -1 -1 1 1 -1 1 1 1 1 -1 1 
1628334414131618332302951 -1 -1 -1 -1 1 -1 1 1 1 1 1 -1 1 -1 1 -1 1 1 1 1 -1 1 -1 -1 1 1 
163435385028292616321473 -1 -1 -1 -1 1 -1 1 1 1 1 1 -1 1 1 -1 -1 1 1 1 1 1 -1 -1 -1 1 1 
16424116474812344332223 -1 -1 -1 -1 1 1 -1 -1 1 1 -1 1 -1 -1 -1 1 1 1 1 1 1 1 -1 1 1 1 
16739484215410141513151 -1 -1 -1 -1 1 1 1 1 -1 1 -1 -1 1 -1 1 -1 1 -1 1 1 1 -1 1 1 1 1 
1642507817177477323246 -1 -1 -1 1 -1 -1 1 1 1 1 1 1 1 1 -1 -1 1 -1 1 1 -1 1 -1 1 -1 1 
