16132837121635263339303210 -1 -1 -1 1 -1 1 -1 -1 1 1 1 -1 1 -1 -1 1 1 1 1 1 1 1 -1 1 1 1 
1617471443394724532322 -1 -1 -1 1 -1 1 -1 -1 1 1 1 -1 1 -1 -1 1 1 1 1 1 1 1 1 1 -1 1 
16118413645035114236425 -1 -1 -1 1 -1 1 -1 -1 1 1 1 -1 1 1 -1 -1 1 1 1 1 1 1 1 1 -1 1 
1634213334472395134043 -1 -1 -1 1 -1 1 -1 -1 1 1 1 -1 1 1 -1 1 1 1 -1 -1 1 1 1 1 1 1 
163423382528222636323576 -1 -1 -1 1 -1 1 -1 -1 1 1 1 -1 1 1 1 -1 1 1 -1 1 -1 1 1 1 1 1 
1632242823188292044391334 -1 -1 -1 1 -1 1 -1 -1 1 1 1 -1 1 1 1 1 -1 1 1 -1 -1 1 1 1 1 1 
161238394033337402491818 -1 -1 -1 1 -1 1 -1 -1 1 1 1 -1 1 1 1 1 -1 1 1 -1 1 1 1 1 -1 1 
163414122945046343352416 -1 -1 -1 1 -1 1 -1 -1 1 1 1 -1 1 1 1 1 1 -1 -1 1 -1 1 1 1 1 1 
16743266381334402837329 -1 -1 -1 1 -1 1 -1 -1 1 1 1 -1 1 1 1 1 1 1 -1 -1 1 1 1 1 -1 1 
168412416213123374317455 -1 -1 -1 1 -1 1 -1 -1 1 1 1 -1 1 1 1 1 1 1 1 -1 -1 1 -1 1 1 1 
16139313940491845381840 -1 -1 -1 1 -1 1 -1 -1 1 1 1 1 -1 -1 -1 1 1 1 1 1 1 1 1 -1 1 1 
16232136925038391722497 -1 -1 -1 1 -1 1 -1 -1 1 1 1 1 -1 -1 1 -1 1 1 1 1 1 1 -1 1 1 1 
1622833223527254620112933 -1 -1 -1 1 -1 1 -1 -1 1 1 1 1 -1 1 -1 -1 1 1 1 1 1 1 1 -1 1 1 
163324511404544263418220 -1 -1 -1 1 -1 1 -1 -1 1 1 1 1 -1 1 -1 1 1 -1 1 1 1 -1 1 1 1 1 
161534411218464544339112 -1 -1 -1 1 -1 1 -1 -1 1 1 1 1 -1 1 1 1 1 -1 1 -1 1 1 1 1 -1 1 
16647390353161844163437 -1 -1 -1 1 -1 1 -1 -1 1 1 1 1 -1 1 1 1 1 1 1 -1 -1 1 1 -1 1 1 
1633164416716351645165116 -1 -1 -1 1 -1 1 -1 -1 1 1 1 1 1 -1 -1 1 1 -1 1 1 1 1 -1 1 1 1 
16937181313645949433140 -1 -1 -1 1 -1 1 -1 -1 1 1 1 1 1 -1 -1 1 1 1 1 1 1 1 -1 -1 1 1 
1635534126514426650395 -1 -1 -1 1 -1 1 -1 -1 1 1 1 1 1 -1 1 -1 -1 1 1 1 1 1 -1 1 1 1 
162429463121634354504314 -1 -1 -1 1 -1 1 -1 -1 1 1 1 1 1 -1 1 1 1 1 -1 -1 1 1 -1 1 1 1 
161234147343124349214339 -1 -1 -1 1 -1 1 -1 -1 1 1 1 1 1 1 -1 -1 1 1 1 1 1 1 -1 -1 1 1 
16289384651240238341544 -1 -1 -1 1 -1 1 -1 -1 1 1 1 1 1 1 -1 1 1 -1 -1 1 1 1 1 -1 1 1 
163164523183592513364922 -1 -1 -1 1 -1 1 -1 -1 1 1 1 1 1 1 1 -1 -1 1 1 -1 1 1 -1 1 1 1 
16222040242418191442261745 -1 -1 -1 1 -1 1 -1 -1 1 1 1 1 1 1 1 -1 -1 1 1 1 -1 1 1 -1 1 1 
16139424391015127233234 -1 -1 -1 1 -1 1 -1 -1 1 1 1 1 1 1 1 -1 1 1 -1 1 1 1 -1 -1 1 1 
1618013453241442629222814 -1 -1 -1 1 -1 1 -1 -1 1 1 1 1 1 1 1 1 -1 -1 1 -1 1 1 1 1 -1 1 
16931018254051382740439 -1 -1 -1 1 -1 1 -1 -1 1 1 1 1 1 1 1 1 1 -1 -1 -1 1 1 1 1 -1 1 
16144913274942363241117 -1 -1 -1 1 -1 1 -1 1 -1 -1 1 -1 1 1 1 1 1 1 1 1 -1 -1 1 1 1 1 
161212343494314414347122 -1 -1 -1 1 -1 1 -1 1 -1 -1 1 1 1 -1 1 -1 -1 1 1 1 1 1 1 1 1 1 
16201817384195405240283 -1 -1 -1 1 -1 1 -1 1 -1 -1 1 1 1 -1 1 1 -1 -1 1 1 1 1 1 1 1 1 
162234282451392233920228 -1 -1 -1 1 -1 1 -1 1 -1 -1 1 1 1 -1 1 1 -1 1 1 -1 1 1 1 1 1 1 
16134431324534334231304 -1 -1 -1 1 -1 1 -1 1 -1 -1 1 1 1 1 -1 1 1 -1 1 1 1 1 1 -1 1 1 
1627301516231426514733263 -1 -1 -1 1 -1 1 -1 1 -1 -1 1 1 1 1 1 1 -1 -1 1 1 1 -1 1 1 1 1 
161739126343644038461813 -1 -1 -1 1 -1 1 -1 1 -1 -1 1 1 1 1 1 1 -1 -1 1 1 1 1 1 -1 1 1 
16233421124346244445982 -1 -1 -1 1 -1 1 -1 1 -1 -1 1 1 1 1 1 1 -1 1 1 -1 1 -1 1 1 1 1 
