161321353843482510491317 -1 -1 -1 1 -1 1 1 -1 1 -1 -1 -1 1 -1 1 1 1 1 1 1 1 -1 1 1 1 1 
1643031234219213241172727 -1 -1 -1 1 -1 1 1 -1 1 -1 -1 -1 1 1 -1 1 1 1 1 1 1 1 -1 1 1 1 
1613441613649393612412617 -1 -1 -1 1 -1 1 1 -1 1 -1 -1 -1 1 1 1 -1 1 1 1 1 1 -1 1 1 1 1 
1657463536284139472728 -1 -1 -1 1 -1 1 1 -1 1 -1 -1 1 1 -1 -1 1 1 1 1 1 1 1 1 1 -1 1 
162949183144928913373213 -1 -1 -1 1 -1 1 1 -1 1 -1 -1 1 1 -1 1 1 1 -1 1 1 1 -1 1 1 1 1 
16113540225025496923536 -1 -1 -1 1 -1 1 1 -1 1 -1 -1 1 1 -1 1 1 1 1 1 1 1 -1 1 -1 1 1 
1629261822440284113143245 -1 -1 -1 1 -1 1 1 -1 1 -1 -1 1 1 1 -1 -1 1 1 -1 1 1 1 1 1 1 1 
16161734193023512711302332 -1 -1 -1 1 -1 1 1 -1 1 -1 -1 1 1 1 -1 -1 1 1 1 1 1 1 1 1 -1 1 
16364615225444834912309 -1 -1 -1 1 -1 1 1 -1 1 -1 -1 1 1 1 1 -1 1 -1 1 1 1 -1 1 1 1 1 
1626502330471153026132724 -1 -1 -1 1 -1 1 1 -1 1 -1 -1 1 1 1 1 -1 1 1 1 -1 1 1 1 -1 1 1 
16174724282435452857493 -1 -1 -1 1 -1 1 1 -1 1 -1 -1 1 1 1 1 -1 1 1 1 1 -1 1 1 1 -1 1 
163447501531521821163637 -1 -1 -1 1 -1 1 1 -1 1 -1 -1 1 1 1 1 1 -1 -1 1 1 1 1 -1 1 1 1 
162335302823462833334524 -1 -1 -1 1 -1 1 1 -1 1 -1 1 -1 -1 1 1 -1 1 1 1 1 1 -1 1 1 1 1 
16264685293810453719231 -1 -1 -1 1 -1 1 1 -1 1 -1 1 -1 -1 1 1 1 1 1 -1 1 1 1 -1 1 1 1 
16163584235523928342112 -1 -1 -1 1 -1 1 1 -1 1 -1 1 -1 -1 1 1 1 1 1 -1 1 1 1 1 1 -1 1 
16304322947473811463242 -1 -1 -1 1 -1 1 1 -1 1 -1 1 -1 1 1 -1 -1 1 -1 1 1 1 1 1 1 1 1 
163426331844242455120014 -1 -1 -1 1 -1 1 1 -1 1 -1 1 -1 1 1 -1 -1 1 1 1 -1 1 1 1 1 1 1 
1627474128463552836793 -1 -1 -1 1 -1 1 1 -1 1 -1 1 -1 1 1 1 -1 1 1 1 1 -1 1 1 -1 1 1 
16164739282353428487253 -1 -1 -1 1 -1 1 1 -1 1 -1 1 -1 1 1 1 1 1 -1 1 1 1 1 -1 -1 1 1 
16289391322951492231237 -1 -1 -1 1 -1 1 1 -1 1 -1 1 1 -1 -1 -1 1 1 1 -1 1 1 1 1 1 1 1 
16261142334448474022529 -1 -1 -1 1 -1 1 1 -1 1 -1 1 1 -1 -1 -1 1 1 1 1 1 1 1 -1 1 1 1 
1634213794750939422337 -1 -1 -1 1 -1 1 1 -1 1 -1 1 1 -1 -1 1 -1 1 1 1 -1 1 1 1 1 1 1 
1633274930201727237322819 -1 -1 -1 1 -1 1 1 -1 1 -1 1 1 -1 -1 1 1 -1 1 1 1 1 1 -1 1 1 1 
16393313302628323537101612 -1 -1 -1 1 -1 1 1 -1 1 -1 1 1 -1 -1 1 1 1 -1 1 -1 1 1 1 1 1 1 
16404459383438461522812 -1 -1 -1 1 -1 1 1 -1 1 -1 1 1 -1 -1 1 1 1 1 -1 1 -1 1 1 1 1 1 
16392848725472351633428 -1 -1 -1 1 -1 1 1 -1 1 -1 1 1 -1 1 1 -1 -1 1 1 1 1 1 -1 1 1 1 
16355034227279381772036 -1 -1 -1 1 -1 1 1 -1 1 -1 1 1 -1 1 1 1 1 1 -1 -1 1 1 -1 1 1 1 
161951122444451472561126 -1 -1 -1 1 -1 1 1 -1 1 -1 1 1 -1 1 1 1 1 1 1 -1 -1 1 1 1 -1 1 
1645163316351651164416716 -1 -1 -1 1 -1 1 1 -1 1 -1 1 1 1 -1 -1 1 1 -1 1 -1 1 1 1 1 1 1 
16393144373418354760616 -1 -1 -1 1 -1 1 1 -1 1 -1 1 1 1 -1 1 -1 1 1 -1 1 1 1 1 -1 1 1 
16499943453731618401313 -1 -1 -1 1 -1 1 1 -1 1 -1 1 1 1 -1 1 1 -1 -1 1 -1 1 1 1 1 1 1 
16404726248112544229343 -1 -1 -1 1 -1 1 1 -1 1 -1 1 1 1 -1 1 1 1 -1 1 1 -1 -1 1 1 1 1 
161549473126923927372613 -1 -1 -1 1 -1 1 1 -1 1 -1 1 1 1 -1 1 1 1 1 1 -1 1 1 -1 -1 1 1 
16225034716394221489322 -1 -1 -1 1 -1 1 1 -1 1 -1 1 1 1 1 -1 1 1 1 1 -1 -1 1 1 1 -1 1 
164314333951213043161533 -1 -1 -1 1 -1 1 1 -1 1 -1 1 1 1 1 1 -1 -1 -1 1 1 1 1 1 -1 1 1 
16498919455231501818131 -1 -1 -1 1 -1 1 1 -1 1 -1 1 1 1 1 1 -1 -1 1 -1 1 -1 1 1 1 1 1 
16353054144332037239620 -1 -1 -1 1 -1 1 1 -1 1 -1 1 1 1 1 1 1 -1 1 -1 -1 1 1 -1 1 1 1 
16263923114752151926152712 -1 -1 -1 1 -1 1 1 -1 1 -1 1 1 1 1 1 1 -1 1 1 -1 -1 1 -1 1 1 1 
1619451238444013025361112 -1 -1 -1 1 -1 1 1 -1 1 -1 1 1 1 1 1 1 -1 1 1 -1 -1 1 1 1 -1 1 
1655249140501185019918 -1 -1 -1 1 -1 1 1 -1 1 -1 1 1 1 1 1 1 -1 1 1 1 -1 1 -1 -1 1 1 
16173923223821495036729 -1 -1 -1 1 -1 1 1 -1 1 -1 1 1 1 1 1 1 1 -1 1 -1 1 -1 -1 1 1 1 
16535173452849472428247 -1 -1 -1 1 -1 1 1 -1 1 -1 1 1 1 1 1 1 1 1 -1 1 -1 -1 -1 1 1 1 
16263384194010273782351 -1 -1 -1 1 -1 1 1 -1 1 1 -1 -1 -1 1 1 1 1 1 -1 1 1 1 1 -1 1 1 
16257343539281632474828 -1 -1 -1 1 -1 1 1 -1 1 1 -1 -1 1 -1 -1 1 1 1 1 1 1 1 -1 1 1 1 
16253484742292623444011 -1 -1 -1 1 -1 1 1 -1 1 1 -1 -1 1 -1 1 -1 1 1 1 1 1 1 1 -1 1 1 
16421274517367387303240 -1 -1 -1 1 -1 1 1 -1 1 1 -1 -1 1 1 1 -1 -1 1 -1 1 1 1 1 1 1 1 
1642497371730736748321 -1 -1 -1 1 -1 1 1 -1 1 1 -1 -1 1 1 1 -1 1 1 1 -1 1 -1 1 1 1 1 
1636472728535928417463 -1 -1 -1 1 -1 1 1 -1 1 1 -1 -1 1 1 1 -1 1 1 1 1 -1 1 -1 1 1 1 
16283844291334181032162921 -1 -1 -1 1 -1 1 1 -1 1 1 -1 -1 1 1 1 -1 1 1 1 1 1 -1 1 -1 1 1 
