1638103016263811347215229 -1 -1 -1 -1 1 1 -1 1 -1 1 1 1 1 1 -1 1 1 -1 -1 1 1 -1 1 1 1 1 
162522301836299148361541 -1 -1 -1 -1 1 1 -1 1 -1 1 1 1 1 1 1 -1 1 1 -1 -1 1 1 -1 1 1 1 
1626142601522274523264741 -1 -1 -1 -1 1 1 -1 1 -1 1 1 1 1 1 1 1 -1 -1 1 1 -1 -1 1 1 1 1 
167353222462512622234636 -1 -1 -1 -1 1 1 -1 1 -1 1 1 1 1 1 1 1 -1 1 1 -1 -1 1 1 -1 1 1 
16625141733525137732036 -1 -1 -1 -1 1 1 -1 1 -1 1 1 1 1 1 1 1 1 -1 1 -1 -1 1 -1 1 1 1 
165111527282238334083846 -1 -1 -1 -1 1 1 -1 1 1 -1 -1 -1 1 1 -1 1 -1 1 1 1 1 1 1 1 1 1 
165262122360154134145245 -1 -1 -1 -1 1 1 -1 1 1 -1 -1 -1 1 1 -1 1 1 1 1 1 1 1 -1 1 1 1 
16144071203033456385136 -1 -1 -1 -1 1 1 -1 1 1 -1 -1 -1 1 1 1 -1 1 1 1 1 1 -1 1 1 1 1 
16234110278512689403733 -1 -1 -1 -1 1 1 -1 1 1 -1 -1 1 -1 1 1 1 -1 1 1 1 1 -1 1 1 1 1 
16204293833635727271750 -1 -1 -1 -1 1 1 -1 1 1 -1 -1 1 -1 1 1 1 1 -1 1 1 1 1 -1 1 1 1 
16838319114335516473948 -1 -1 -1 -1 1 1 -1 1 1 -1 -1 1 -1 1 1 1 1 1 1 1 1 -1 -1 1 1 1 
1626323304733151626512714 -1 -1 -1 -1 1 1 -1 1 1 -1 -1 1 1 -1 1 -1 1 -1 1 1 1 1 1 1 1 1 
16340618393761635314447 -1 -1 -1 -1 1 1 -1 1 1 -1 -1 1 1 1 -1 1 -1 -1 1 1 1 1 1 1 1 1 
163148253018451513434319 -1 -1 -1 -1 1 1 -1 1 1 -1 -1 1 1 1 1 -1 1 1 1 -1 1 -1 1 1 1 1 
1614174904833376365130 -1 -1 -1 -1 1 1 -1 1 1 -1 1 -1 -1 -1 1 1 1 -1 1 1 1 1 1 1 1 1 
16324224446314632734123 -1 -1 -1 -1 1 1 -1 1 1 -1 1 -1 1 -1 1 -1 1 1 -1 1 1 1 1 1 1 1 
1618371117154133314554116 -1 -1 -1 -1 1 1 -1 1 1 -1 1 -1 1 -1 1 1 1 1 1 1 1 -1 -1 1 1 1 
163238264037313401693918 -1 -1 -1 -1 1 1 -1 1 1 -1 1 -1 1 1 -1 1 1 1 -1 1 1 1 -1 1 1 1 
16421111363584204154536 -1 -1 -1 -1 1 1 -1 1 1 -1 1 -1 1 1 1 -1 -1 1 1 -1 1 1 1 1 1 1 
1631144112271442244372147 -1 -1 -1 -1 1 1 -1 1 1 -1 1 -1 1 1 1 -1 -1 1 1 1 1 1 1 -1 1 1 
16344012374434613439246 -1 -1 -1 -1 1 1 -1 1 1 -1 1 -1 1 1 1 1 -1 1 -1 1 1 1 -1 1 1 1 
16391444334513530616633 -1 -1 -1 -1 1 1 -1 1 1 -1 1 1 -1 1 -1 1 -1 1 1 1 1 -1 1 1 1 1 
164420024341851142263345 -1 -1 -1 -1 1 1 -1 1 1 -1 1 1 -1 1 -1 1 1 1 -1 -1 1 1 1 1 1 1 
164514132949501833135916 -1 -1 -1 -1 1 1 -1 1 1 -1 1 1 1 -1 1 1 -1 1 -1 1 -1 1 1 1 1 1 
16431334946402443126437 -1 -1 -1 -1 1 1 -1 1 1 -1 1 1 1 1 -1 1 -1 1 -1 1 1 -1 1 1 1 1 
