16545245645441035202035 -1 -1 -1 1 1 -1 1 -1 -1 1 -1 -1 1 1 1 -1 1 -1 1 1 1 1 1 1 1 1 
16105193337884123272640 -1 -1 -1 1 1 -1 1 -1 -1 1 -1 -1 1 1 1 -1 1 1 1 -1 1 1 1 1 1 1 
16145273603733256175132 -1 -1 -1 1 1 -1 1 -1 -1 1 -1 -1 1 1 1 1 -1 1 1 1 -1 1 1 1 1 1 
1611471249424202919224629 -1 -1 -1 1 1 -1 1 -1 -1 1 -1 -1 1 1 1 1 1 1 -1 1 1 1 -1 1 1 1 
16343164839511388193547 -1 -1 -1 1 1 -1 1 -1 -1 1 -1 -1 1 1 1 1 1 1 1 -1 1 1 1 -1 1 1 
16194524204226402417142218 -1 -1 -1 1 1 -1 1 -1 -1 1 -1 1 1 1 -1 1 -1 1 1 1 1 1 1 -1 1 1 
162347149322436291822229 -1 -1 -1 1 1 -1 1 -1 -1 1 -1 1 1 1 1 1 1 -1 1 -1 1 1 1 -1 1 1 
1642246241149192920471229 -1 -1 -1 1 1 -1 1 -1 -1 1 1 -1 -1 1 -1 1 -1 1 1 1 1 1 1 1 1 1 
1610345014048171810512435 -1 -1 -1 1 1 -1 1 -1 -1 1 1 -1 -1 1 -1 1 1 1 1 1 1 1 -1 1 1 1 
16285251175020841195218 -1 -1 -1 1 1 -1 1 -1 -1 1 1 -1 -1 1 1 1 1 1 -1 1 -1 1 1 1 1 1 
162133391443163315304351 -1 -1 -1 1 1 -1 1 -1 -1 1 1 -1 1 1 -1 -1 1 1 1 1 1 1 1 -1 1 1 
1633272033294635822222511 -1 -1 -1 1 1 -1 1 -1 -1 1 1 -1 1 1 -1 1 -1 1 -1 1 1 1 1 1 1 1 
16374526191046233881952 -1 -1 -1 1 1 -1 1 -1 -1 1 1 -1 1 1 1 1 -1 1 1 -1 1 -1 1 1 1 1 
16173835795020273362742 -1 -1 -1 1 1 -1 1 -1 -1 1 1 -1 1 1 1 1 1 1 1 -1 1 -1 -1 1 1 1 
16251343994027435161037 -1 -1 -1 1 1 -1 1 -1 -1 1 1 1 -1 -1 1 -1 1 -1 1 1 1 1 1 1 1 1 
16353334146164436303951 -1 -1 -1 1 1 -1 1 -1 -1 1 1 1 1 -1 -1 1 1 -1 1 1 1 1 1 -1 1 1 
1641353639284647272857 -1 -1 -1 1 1 -1 1 -1 -1 1 1 1 1 -1 1 -1 1 -1 1 1 1 1 -1 1 1 1 
16471410222474526264041 -1 -1 -1 1 1 -1 1 -1 -1 1 1 1 1 -1 1 1 1 -1 -1 -1 1 1 1 1 1 1 
1640255113831381015212848 -1 -1 -1 1 1 -1 1 -1 -1 1 1 1 1 1 -1 -1 1 -1 1 1 1 1 1 -1 1 1 
16493944534314418321331 -1 -1 -1 1 1 -1 1 -1 -1 1 1 1 1 1 -1 1 -1 1 -1 -1 1 1 1 1 1 1 
16393313302628323537101612 -1 -1 -1 1 1 -1 1 -1 -1 1 1 1 1 1 -1 1 -1 1 -1 1 1 1 1 -1 1 1 
16432412141445122634184920 -1 -1 -1 1 1 -1 1 -1 -1 1 1 1 1 1 1 -1 -1 1 -1 1 1 1 -1 1 1 1 
1627192027732493028233317 -1 -1 -1 1 1 -1 1 -1 -1 1 1 1 1 1 1 1 1 -1 -1 1 -1 1 -1 1 1 1 
161829232236472241293249 -1 -1 -1 1 1 -1 1 -1 -1 1 1 1 1 1 1 1 1 -1 1 -1 -1 1 1 -1 1 1 
