163119454818439513154918 -1 -1 -1 1 -1 -1 1 1 1 1 1 -1 1 1 1 -1 1 -1 1 1 -1 1 1 -1 1 1 
16261023164738153426212729 -1 -1 -1 1 -1 -1 1 1 1 1 1 -1 1 1 1 1 -1 1 -1 -1 1 1 1 1 -1 1 
161335482511714938431032 -1 -1 -1 1 -1 -1 1 1 1 1 1 -1 1 1 1 1 -1 1 -1 1 1 1 -1 -1 1 1 
1624181210374183039493336 -1 -1 -1 1 -1 -1 1 1 1 1 1 -1 1 1 1 1 1 -1 -1 -1 1 1 1 -1 1 1 
16245353520106455454420 -1 -1 -1 1 -1 -1 1 1 1 1 1 -1 1 1 1 1 1 -1 1 -1 1 1 -1 -1 1 1 
16463418434012382440349 -1 -1 -1 1 -1 -1 1 1 1 1 1 1 -1 -1 1 -1 1 1 1 -1 1 -1 1 1 1 1 
16431232639521504351155 -1 -1 -1 1 -1 -1 1 1 1 1 1 1 -1 -1 1 1 1 -1 1 -1 1 -1 1 1 1 1 
162234041242194742431712 -1 -1 -1 1 -1 -1 1 1 1 1 1 1 -1 -1 1 1 1 -1 1 1 1 1 -1 1 -1 1 
1612241929462944711492022 -1 -1 -1 1 -1 -1 1 1 1 1 1 1 -1 -1 1 1 1 1 1 -1 1 1 -1 1 -1 1 
1644565650341239263551 -1 -1 -1 1 -1 -1 1 1 1 1 1 1 -1 1 -1 -1 1 1 1 1 -1 -1 1 1 1 1 
16387221172236949392350 -1 -1 -1 1 -1 -1 1 1 1 1 1 1 -1 1 -1 -1 1 1 1 1 1 -1 -1 1 1 1 
162813444913371831329299 -1 -1 -1 1 -1 -1 1 1 1 1 1 1 -1 1 1 -1 1 -1 1 1 1 -1 1 -1 1 1 
16932274117483620333540 -1 -1 -1 1 -1 -1 1 1 1 1 1 1 -1 1 1 -1 1 1 1 1 -1 -1 1 1 -1 1 
16173517493353351749349 -1 -1 -1 1 -1 -1 1 1 1 1 1 1 -1 1 1 1 -1 1 1 -1 1 -1 -1 1 1 1 
16172814234354523821842 -1 -1 -1 1 -1 -1 1 1 1 1 1 1 -1 1 1 1 1 -1 1 -1 -1 1 -1 1 1 1 
1623133111830142436504230 -1 -1 -1 1 -1 -1 1 1 1 1 1 1 1 -1 -1 1 1 1 1 -1 -1 1 1 1 -1 1 
16243494717752845282435 -1 -1 -1 1 -1 -1 1 1 1 1 1 1 1 -1 1 1 -1 -1 1 1 1 -1 1 -1 1 1 
1611351225417204919434632 -1 -1 -1 1 -1 -1 1 1 1 1 1 1 1 -1 1 1 -1 1 1 1 -1 -1 -1 1 1 1 
16137264740162047184731 -1 -1 -1 1 -1 -1 1 1 1 1 1 1 1 -1 1 1 1 -1 1 1 -1 -1 1 -1 1 1 
162393113189144936314237 -1 -1 -1 1 -1 -1 1 1 1 1 1 1 1 1 -1 -1 1 1 1 -1 -1 1 -1 1 1 1 
161516363134021375247518 -1 -1 -1 1 -1 -1 1 1 1 1 1 1 1 1 -1 -1 1 1 1 -1 1 -1 1 -1 1 1 
165262122360154134145245 -1 -1 -1 1 -1 -1 1 1 1 1 1 1 1 1 -1 -1 1 1 1 1 -1 1 -1 -1 1 1 
16136314045943372133043 -1 -1 -1 1 -1 -1 1 1 1 1 1 1 1 1 -1 1 1 -1 1 -1 -1 1 -1 1 1 1 
16228252816348734353947 -1 -1 -1 1 -1 -1 1 1 1 1 1 1 1 1 -1 1 1 -1 1 1 -1 -1 -1 1 1 1 
