16382123177363949342343 -1 -1 -1 1 -1 1 1 1 1 -1 -1 -1 1 1 -1 1 1 1 1 1 1 -1 -1 1 1 1 
1639313352614325037161629 -1 -1 -1 1 -1 1 1 1 1 -1 -1 1 -1 1 -1 -1 1 1 1 -1 1 1 1 1 1 1 
16413284203452445321731 -1 -1 -1 1 -1 1 1 1 1 -1 -1 1 -1 1 -1 -1 1 1 1 1 1 -1 1 1 1 1 
164636435432312222463425 -1 -1 -1 1 -1 1 1 1 1 -1 -1 1 -1 1 1 -1 1 1 1 -1 1 1 -1 1 1 1 
164622126323672346252235 -1 -1 -1 1 -1 1 1 1 1 -1 -1 1 -1 1 1 1 -1 -1 1 1 1 1 1 -1 1 1 
16282924150182245183236 -1 -1 -1 1 -1 1 1 1 1 -1 -1 1 -1 1 1 1 1 1 1 -1 1 1 -1 -1 1 1 
161891313329444929312837 -1 -1 -1 1 -1 1 1 1 1 -1 -1 1 -1 1 1 1 1 1 1 1 1 -1 -1 -1 1 1 
164521834339411211441546 -1 -1 -1 1 -1 1 1 1 1 -1 -1 1 1 -1 -1 1 -1 1 1 -1 1 1 1 1 1 1 
1648112510948152130313625 -1 -1 -1 1 -1 1 1 1 1 -1 -1 1 1 -1 1 -1 -1 1 1 1 -1 1 1 1 1 1 
16421027343251939143123 -1 -1 -1 1 -1 1 1 1 1 -1 1 -1 -1 1 1 -1 1 1 1 1 1 -1 1 -1 1 1 
163526114016133463936839 -1 -1 -1 1 -1 1 1 1 1 -1 1 -1 -1 1 1 1 1 1 -1 1 1 1 -1 -1 1 1 
1649823364804111503655 -1 -1 -1 1 -1 1 1 1 1 -1 1 -1 1 -1 -1 1 1 -1 1 1 1 -1 1 1 1 1 
16517371425395023432192 -1 -1 -1 1 -1 1 1 1 1 -1 1 -1 1 1 -1 -1 1 -1 1 1 1 -1 1 1 1 1 
1652161134302938212638710 -1 -1 -1 1 -1 1 1 1 1 -1 1 -1 1 1 -1 -1 1 1 -1 1 -1 1 1 1 1 1 
16529113730493892613731 -1 -1 -1 1 -1 1 1 1 1 -1 1 -1 1 1 -1 1 -1 -1 1 1 -1 1 1 1 1 1 
