16323928111852291944151312 -1 -1 -1 1 -1 1 1 1 -1 1 -1 -1 1 1 1 1 -1 1 1 1 1 -1 1 -1 1 1 
162637269153127132349479 -1 -1 -1 1 -1 1 1 1 -1 1 -1 -1 1 1 1 1 1 -1 1 1 1 1 -1 -1 1 1 
168152482138232843434515 -1 -1 -1 1 -1 1 1 1 -1 1 -1 -1 1 1 1 1 1 1 1 1 1 -1 -1 -1 1 1 
164615443434812182419345 -1 -1 -1 1 -1 1 1 1 -1 1 1 -1 -1 1 -1 1 1 -1 1 -1 1 1 1 1 1 1 
16474121426261040454722 -1 -1 -1 1 -1 1 1 1 -1 1 1 -1 -1 1 1 -1 1 1 1 1 -1 -1 1 1 1 1 
16354211521642323935828 -1 -1 -1 1 -1 1 1 1 -1 1 1 -1 -1 1 1 1 1 1 -1 1 1 -1 1 -1 1 1 
1647243745324714322139 -1 -1 -1 1 -1 1 1 1 -1 1 1 -1 1 -1 -1 1 -1 1 1 1 1 -1 1 1 1 1 
1647845363204311136475 -1 -1 -1 1 -1 1 1 1 -1 1 1 -1 1 -1 -1 1 1 -1 1 1 1 1 -1 1 1 1 
1649177192823202733302732 -1 -1 -1 1 -1 1 1 1 -1 1 1 -1 1 -1 -1 1 1 1 -1 -1 1 1 1 1 1 1 
16424402925473411263482 -1 -1 -1 1 -1 1 1 1 -1 1 1 -1 1 -1 -1 1 1 1 1 -1 1 1 1 1 -1 1 
1648421613341825213921233 -1 -1 -1 1 -1 1 1 1 -1 1 1 -1 1 -1 1 1 -1 1 1 1 -1 -1 1 1 1 1 
1644373714141237479142424 -1 -1 -1 1 -1 1 1 1 -1 1 1 -1 1 -1 1 1 -1 1 1 1 1 -1 -1 1 1 1 
1650749144139522332482 -1 -1 -1 1 -1 1 1 1 -1 1 1 -1 1 1 -1 -1 1 -1 1 1 1 1 -1 1 1 1 
16365017749392212393822 -1 -1 -1 1 -1 1 1 1 -1 1 1 -1 1 1 -1 1 1 1 1 -1 1 -1 -1 1 1 1 
161831373393212433442434 -1 -1 -1 1 -1 1 1 1 -1 1 1 -1 1 1 -1 1 1 1 1 1 1 -1 -1 -1 1 1 
165231530213351636513414 -1 -1 -1 1 -1 1 1 1 -1 1 1 -1 1 1 1 -1 -1 -1 1 1 -1 1 1 1 1 1 
1651123432430413347442 -1 -1 -1 1 -1 1 1 1 -1 1 1 -1 1 1 1 -1 -1 -1 1 1 1 1 -1 1 1 1 
