1632328301833291644511314 -1 -1 -1 1 -1 1 -1 1 1 1 1 1 1 -1 1 -1 -1 1 1 1 1 1 -1 -1 1 1 
162234382419394923120368 -1 -1 -1 1 -1 1 -1 1 1 1 1 1 1 -1 1 1 -1 1 1 -1 1 -1 -1 1 1 1 
16291025213325223135482011 -1 -1 -1 1 -1 1 -1 1 1 1 1 1 1 -1 1 1 1 -1 -1 1 -1 -1 1 1 1 1 
16261647314704037147218 -1 -1 -1 1 -1 1 -1 1 1 1 1 1 1 1 -1 -1 1 1 -1 1 1 -1 1 -1 1 1 
16171952502814118205258 -1 -1 -1 1 -1 1 -1 1 1 1 1 1 1 1 -1 1 1 -1 -1 1 1 -1 1 -1 1 1 
16351234284255130392314 -1 -1 -1 1 -1 1 1 -1 -1 -1 1 -1 1 1 1 1 -1 1 1 1 1 1 -1 1 1 1 
16145182124325123373642 -1 -1 -1 1 -1 1 1 -1 -1 -1 1 1 -1 -1 1 1 1 1 -1 1 1 1 1 1 1 1 
161651820351039253431151 -1 -1 -1 1 -1 1 1 -1 -1 -1 1 1 -1 1 1 1 1 1 -1 1 1 -1 1 1 1 1 
162335125321736491843232 -1 -1 -1 1 -1 1 1 -1 -1 -1 1 1 1 -1 1 1 -1 1 -1 1 1 1 1 1 1 1 
163391626393611408463513 -1 -1 -1 1 -1 1 1 -1 -1 -1 1 1 1 -1 1 1 -1 1 1 1 1 1 1 1 -1 1 
16114926317930952373813 -1 -1 -1 1 -1 1 1 -1 -1 -1 1 1 1 -1 1 1 1 -1 1 1 1 1 1 -1 1 1 
