16513534472003233244411 -1 -1 -1 -1 -1 1 -1 1 -1 1 1 -1 1 -1 -1 1 1 1 1 1 -1 1 1 1 1 1 
164024503761418144347812 -1 -1 -1 -1 -1 1 -1 1 -1 1 1 -1 1 1 -1 1 1 1 1 -1 -1 1 1 1 1 1 
1644400453465162303320 -1 -1 -1 -1 -1 1 -1 1 -1 1 1 -1 1 1 1 -1 -1 1 1 1 1 1 -1 1 1 1 
16363752953134131549219 -1 -1 -1 -1 -1 1 -1 1 -1 1 1 -1 1 1 1 1 -1 1 1 -1 -1 1 1 1 1 1 
164041162722511281440733 -1 -1 -1 -1 -1 1 -1 1 -1 1 1 1 -1 -1 1 1 -1 1 1 1 1 -1 1 1 1 1 
1635412922223620182513329 -1 -1 -1 -1 -1 1 -1 1 -1 1 1 1 -1 -1 1 1 1 -1 1 1 -1 1 1 1 1 1 
164025372633370541291326 -1 -1 -1 -1 -1 1 -1 1 -1 1 1 1 -1 -1 1 1 1 1 -1 1 1 -1 1 1 1 1 
1649153826361323392201736 -1 -1 -1 -1 -1 1 -1 1 -1 1 1 1 -1 -1 1 1 1 1 1 -1 1 1 -1 1 1 1 
163846118361319822174946 -1 -1 -1 -1 -1 1 -1 1 -1 1 1 1 -1 1 1 -1 1 -1 1 1 1 1 -1 1 1 1 
1634433324441212513047 -1 -1 -1 -1 -1 1 -1 1 -1 1 1 1 -1 1 1 1 1 -1 -1 1 1 -1 1 1 1 1 
1643244020185087502644 -1 -1 -1 -1 -1 1 -1 1 -1 1 1 1 -1 1 1 1 1 -1 1 1 -1 -1 1 1 1 1 
1632461350153219811472217 -1 -1 -1 -1 -1 1 -1 1 -1 1 1 1 1 -1 -1 1 1 1 -1 1 1 -1 1 1 1 1 
1644322517413019196273023 -1 -1 -1 -1 -1 1 -1 1 -1 1 1 1 1 -1 1 1 1 1 -1 -1 1 1 -1 1 1 1 
164251120910292513431851 -1 -1 -1 -1 -1 1 -1 1 -1 1 1 1 1 1 -1 1 -1 1 1 -1 1 1 1 -1 1 1 
16494099453831318181340 -1 -1 -1 -1 -1 1 -1 1 -1 1 1 1 1 1 -1 1 1 1 -1 -1 1 1 1 -1 1 1 
16474614621747182684013 -1 -1 -1 -1 -1 1 -1 1 -1 1 1 1 1 1 1 -1 -1 1 1 1 -1 1 1 -1 1 1 
164947452524617432416511 -1 -1 -1 -1 -1 1 -1 1 1 -1 -1 1 -1 1 1 1 -1 -1 1 1 1 1 1 1 1 1 
163730411613143351403303 -1 -1 -1 -1 -1 1 -1 1 1 -1 -1 1 1 1 -1 1 1 -1 1 1 -1 1 1 1 1 1 
164518243655024274941713 -1 -1 -1 -1 -1 1 -1 1 1 -1 -1 1 1 1 1 -1 1 1 -1 1 1 1 -1 1 1 1 
16422027744441221503124 -1 -1 -1 -1 -1 1 -1 1 1 -1 1 -1 1 1 -1 1 1 1 -1 1 1 1 -1 1 1 1 
163824302326811207395234 -1 -1 -1 -1 -1 1 -1 1 1 -1 1 -1 1 1 1 1 -1 1 -1 1 1 1 -1 1 1 1 
1647933253414279423743 -1 -1 -1 -1 -1 1 -1 1 1 -1 1 -1 1 1 1 1 -1 1 1 1 -1 1 -1 1 1 1 
164811223542243473432160 -1 -1 -1 -1 -1 1 -1 1 1 -1 1 1 -1 1 1 1 -1 1 1 1 1 -1 -1 1 1 1 
1623513133183014143634216 -1 -1 -1 -1 -1 1 -1 1 1 -1 1 1 1 -1 -1 1 1 1 -1 1 -1 1 1 1 1 1 
165237112630538252626729 -1 -1 -1 -1 -1 1 -1 1 1 -1 1 1 1 -1 -1 1 1 1 1 1 -1 1 1 1 -1 1 
164648525242129115210831 -1 -1 -1 -1 -1 1 -1 1 1 -1 1 1 1 1 1 -1 -1 1 1 1 -1 1 1 1 -1 1 
1640451635221012451445720 -1 -1 -1 -1 -1 1 -1 1 1 -1 1 1 1 1 1 1 -1 -1 1 1 -1 1 -1 1 1 1 
165229153721265263625345 -1 -1 -1 -1 -1 1 -1 1 1 -1 1 1 1 1 1 1 -1 1 -1 1 1 -1 -1 1 1 1 
1650444378286940311829 -1 -1 -1 -1 -1 1 -1 1 1 -1 1 1 1 1 1 1 1 -1 -1 1 -1 1 -1 1 1 1 
1650414510501138101372017 -1 -1 -1 -1 -1 1 -1 1 1 1 -1 -1 -1 1 1 -1 1 1 1 1 1 1 -1 1 1 1 
