1693547417272846283635 -1 -1 -1 -1 -1 -1 1 1 1 1 -1 1 1 -1 1 1 1 -1 1 1 1 -1 1 1 1 1 
1602212334734344415143 -1 -1 -1 -1 -1 1 -1 1 1 -1 -1 1 1 1 1 1 -1 -1 1 1 1 1 1 1 1 1 
1652417233249144825039 -1 -1 -1 -1 -1 1 -1 1 1 -1 1 1 1 1 1 1 -1 -1 1 1 1 1 -1 1 1 1 
16523247611443735512032 -1 -1 -1 -1 -1 1 -1 1 1 1 -1 -1 1 1 1 -1 1 1 1 1 -1 1 1 1 1 1 
1642431374214211441472712 -1 -1 -1 -1 -1 1 -1 1 1 1 -1 1 1 1 1 -1 1 1 1 -1 1 1 -1 1 1 1 
1671174974873732364230 -1 -1 -1 -1 -1 1 -1 1 1 1 1 -1 -1 1 1 -1 1 1 1 1 1 1 -1 1 1 1 
1610181051173424485035014 -1 -1 -1 -1 -1 1 -1 1 1 1 1 -1 1 -1 1 1 1 1 -1 1 1 1 -1 1 1 1 
161981247444613225171150 -1 -1 -1 -1 -1 1 -1 1 1 1 1 -1 1 1 -1 1 1 1 -1 1 1 -1 1 1 1 1 
16742644383134322834323 -1 -1 -1 -1 -1 1 -1 1 1 1 1 1 -1 1 -1 1 1 1 1 -1 1 1 1 -1 1 1 
16192237494936938131931 -1 -1 -1 -1 -1 1 1 -1 1 -1 1 -1 1 1 -1 1 1 -1 1 1 1 1 1 1 1 1 
1612171932464943511252043 -1 -1 -1 -1 -1 1 1 -1 1 -1 1 1 -1 1 1 -1 1 1 1 -1 1 1 1 1 1 1 
16936111849495104030504 -1 -1 -1 -1 -1 1 1 -1 1 1 1 -1 1 1 -1 1 1 1 1 1 -1 1 -1 1 1 1 
1628223450981245443246 -1 -1 -1 -1 -1 1 1 -1 1 1 1 1 -1 1 1 1 -1 1 1 -1 -1 1 1 1 1 1 
16215391243513261550435 -1 -1 -1 -1 -1 1 1 -1 1 1 1 1 1 -1 1 -1 1 1 1 -1 1 1 -1 1 1 1 
1611241231241195044222540 -1 -1 -1 -1 -1 1 1 1 -1 -1 1 1 -1 1 -1 1 1 1 1 -1 1 1 1 1 1 1 
16250628306414744231944 -1 -1 -1 -1 -1 1 1 1 -1 -1 1 1 1 -1 1 1 -1 1 -1 1 1 1 1 1 1 1 
16342254263402948114247 -1 -1 -1 -1 -1 1 1 1 -1 1 1 1 1 -1 -1 1 1 1 -1 1 1 -1 1 1 1 1 
1681449262120481818452024 -1 -1 -1 -1 1 -1 -1 1 1 -1 1 1 1 1 1 -1 1 -1 1 1 1 1 -1 1 1 1 
1612222541112344401924150 -1 -1 -1 -1 1 -1 -1 1 1 1 -1 1 -1 1 1 -1 1 1 1 1 -1 1 1 1 1 1 
16134314493149324534183 -1 -1 -1 -1 1 -1 -1 1 1 1 1 -1 1 -1 1 -1 1 1 1 1 1 1 -1 1 1 1 
169361035252351222764325 -1 -1 -1 -1 1 -1 -1 1 1 1 1 -1 1 -1 1 1 1 1 1 -1 1 1 -1 1 1 1 
169113627482230331582546 -1 -1 -1 -1 1 -1 -1 1 1 1 1 1 1 -1 1 -1 1 1 1 1 -1 1 1 -1 1 1 
164232425342243364635126 -1 -1 -1 -1 1 -1 -1 1 1 1 1 1 1 -1 1 1 1 1 -1 1 -1 1 -1 1 1 1 
1612361341394426491617613 -1 -1 -1 -1 1 -1 1 -1 1 -1 1 1 -1 1 1 1 1 -1 1 1 -1 1 1 1 1 1 
16938184013345404993118 -1 -1 -1 -1 1 -1 1 -1 1 1 -1 -1 1 1 1 -1 1 1 1 1 -1 1 1 1 1 1 
162527303336469848221511 -1 -1 -1 -1 1 -1 1 -1 1 1 1 -1 1 1 -1 1 1 1 -1 1 1 -1 1 1 1 1 
1662635504453951345612 -1 -1 -1 -1 1 -1 1 -1 1 1 1 -1 1 1 1 1 -1 1 1 -1 1 1 1 1 -1 1 
162883822527404638111533 -1 -1 -1 -1 1 -1 1 -1 1 1 1 1 -1 -1 1 1 -1 1 1 1 1 -1 1 1 1 1 
1673642487493230711737 -1 -1 -1 -1 1 -1 1 -1 1 1 1 1 -1 1 1 1 1 -1 1 1 -1 1 1 -1 1 1 
16323112642261439312743 -1 -1 -1 -1 1 -1 1 1 -1 1 1 -1 1 1 1 -1 1 1 1 -1 -1 1 1 1 1 1 
162443172224142121934047 -1 -1 -1 -1 1 -1 1 1 -1 1 1 -1 1 1 1 -1 1 1 1 1 -1 -1 1 1 1 1 
1639613232635322537361622 -1 -1 -1 -1 1 -1 1 1 -1 1 1 1 -1 1 -1 1 1 1 -1 -1 1 1 1 1 1 1 
16351052044452045235645 -1 -1 -1 -1 1 -1 1 1 -1 1 1 1 1 -1 1 1 1 -1 1 -1 -1 1 1 1 1 1 
162631239471315372692749 -1 -1 -1 -1 1 -1 1 1 -1 1 1 1 1 -1 1 1 1 -1 1 1 -1 -1 1 1 1 1 
16313243034454413324331 -1 -1 -1 -1 1 -1 1 1 -1 1 1 1 1 1 -1 1 1 1 -1 -1 -1 1 1 1 1 1 
161363813184034391726446 -1 -1 -1 -1 1 -1 1 1 -1 1 1 1 1 1 -1 1 1 1 1 -1 -1 1 1 1 -1 1 
16184234236512451213237 -1 -1 -1 -1 1 -1 1 1 -1 1 1 1 1 1 1 1 -1 -1 1 -1 1 1 1 -1 1 1 
1627231520233426394782624 -1 -1 -1 -1 1 -1 1 1 1 -1 -1 1 1 -1 1 -1 1 1 1 1 -1 1 1 1 1 1 
16387221172236949392350 -1 -1 -1 -1 1 -1 1 1 1 -1 -1 1 1 1 1 -1 -1 1 1 -1 1 1 1 1 1 1 
1634332424821391325211618 -1 -1 -1 -1 1 -1 1 1 1 -1 1 -1 1 1 -1 1 1 1 -1 1 1 -1 1 1 1 1 
16181513523211441229392819 -1 -1 -1 -1 1 -1 1 1 1 -1 1 1 1 1 1 -1 1 1 -1 -1 1 1 1 1 -1 1 
161437189363131134249239 -1 -1 -1 -1 1 -1 1 1 1 -1 1 1 1 1 1 -1 1 1 1 -1 -1 1 -1 1 1 1 
1616213921242341848332513 -1 -1 -1 -1 1 -1 1 1 1 1 -1 1 -1 1 1 1 -1 1 1 1 1 1 -1 -1 1 1 
16302319625284444410647 -1 -1 -1 -1 1 -1 1 1 1 1 -1 1 1 -1 1 -1 1 1 1 1 1 -1 -1 1 1 1 
162824233533430285332346 -1 -1 -1 -1 1 -1 1 1 1 1 1 -1 1 1 -1 1 1 -1 1 1 1 -1 -1 1 1 1 
1626151643394837183219135 -1 -1 -1 -1 1 -1 1 1 1 1 1 1 -1 1 1 -1 1 1 -1 1 -1 1 -1 1 1 1 
162015138503839284243115 -1 -1 -1 -1 1 -1 1 1 1 1 1 1 1 -1 1 -1 1 1 1 -1 -1 1 -1 1 1 1 
161232220493436393881924 -1 -1 -1 -1 1 -1 1 1 1 1 1 1 1 -1 1 -1 1 1 1 1 -1 1 -1 -1 1 1 
16133311845404338240309 -1 -1 -1 -1 1 -1 1 1 1 1 1 1 1 1 -1 1 -1 1 1 -1 -1 1 -1 1 1 1 
16129433244041834384640 -1 -1 -1 -1 1 1 -1 -1 1 -1 1 1 1 -1 -1 1 1 -1 1 1 1 1 1 1 1 1 
16223173123246432444634 -1 -1 -1 -1 1 1 -1 -1 1 -1 1 1 1 -1 1 1 1 1 -1 -1 1 1 1 1 1 1 
1626161614393537293231350 -1 -1 -1 -1 1 1 -1 -1 1 -1 1 1 1 1 -1 1 1 -1 1 -1 1 1 1 1 1 1 
16852321128353516423942 -1 -1 -1 -1 1 1 -1 -1 1 1 -1 1 -1 1 1 1 1 1 1 1 -1 -1 1 1 1 1 
162440129373818339183340 -1 -1 -1 -1 1 1 -1 -1 1 1 -1 1 1 -1 1 1 1 1 -1 1 -1 1 1 1 1 1 
16163032351312391026283733 -1 -1 -1 -1 1 1 -1 -1 1 1 -1 1 1 1 1 -1 1 -1 1 1 1 1 1 -1 1 1 
161048275431825159435119 -1 -1 -1 -1 1 1 -1 1 -1 -1 1 1 1 1 1 -1 1 1 1 -1 1 1 1 -1 1 1 
169181819131545484953143 -1 -1 -1 -1 1 1 -1 1 -1 1 -1 -1 1 1 1 -1 -1 1 1 1 1 1 1 1 1 1 
163614520522344515262141 -1 -1 -1 -1 1 1 -1 1 -1 1 1 1 1 -1 -1 1 1 -1 1 1 1 1 -1 1 1 1 
16625141733525137732036 -1 -1 -1 -1 1 1 -1 1 -1 1 1 1 1 1 1 1 1 -1 1 -1 -1 1 -1 1 1 1 
1626302613155027123244730 -1 -1 -1 -1 1 1 -1 1 1 -1 1 1 1 1 1 1 -1 -1 1 1 -1 1 -1 1 1 1 
165411522283638184013829 -1 -1 -1 -1 1 1 -1 1 1 -1 1 1 1 1 1 1 1 -1 1 -1 1 -1 -1 1 1 1 
1648145249250324139237 -1 -1 -1 -1 1 1 -1 1 1 1 1 -1 1 -1 1 -1 1 1 1 -1 -1 1 1 1 1 1 
1621452020826182448144918 -1 -1 -1 -1 1 1 -1 1 1 1 1 -1 1 1 1 -1 1 1 1 -1 1 -1 -1 1 1 1 
16441861664734313937350 -1 -1 -1 -1 1 1 -1 1 1 1 1 1 -1 -1 1 1 1 -1 1 -1 1 -1 1 1 1 1 
164018513841383615292822 -1 -1 -1 -1 1 1 -1 1 1 1 1 1 -1 1 -1 1 1 1 -1 -1 1 -1 1 1 1 1 
16349537154952921133631 -1 -1 -1 -1 1 1 -1 1 1 1 1 1 -1 1 1 1 -1 1 -1 -1 1 -1 1 1 1 1 
163793933240161813382640 -1 -1 -1 -1 1 1 -1 1 1 1 1 1 1 -1 -1 1 1 -1 1 1 -1 1 -1 1 1 1 
161134262473930235220388 -1 -1 -1 -1 1 1 -1 1 1 1 1 1 1 -1 1 1 1 -1 1 -1 1 -1 -1 1 1 1 
163184316154739314337210 -1 -1 -1 -1 1 1 -1 1 1 1 1 1 1 1 1 -1 1 -1 1 -1 1 -1 -1 1 1 1 
1614141803622314542262341 -1 -1 -1 -1 1 1 1 -1 -1 1 -1 1 -1 1 1 -1 -1 1 1 1 1 1 1 1 1 1 
16470118237471626314047 -1 -1 -1 -1 1 1 1 -1 -1 1 1 1 1 -1 1 1 -1 -1 1 -1 1 1 1 1 1 1 
1623183116184714313637420 -1 -1 -1 -1 1 1 1 -1 1 -1 1 -1 -1 1 1 -1 1 1 1 1 1 1 -1 1 1 1 
163534291222462044259332 -1 -1 -1 -1 1 1 1 -1 1 -1 1 -1 1 1 -1 1 1 -1 1 1 1 1 -1 1 1 1 
1644276835332402051541 -1 -1 -1 -1 1 1 1 -1 1 -1 1 1 1 1 -1 1 1 -1 -1 1 1 -1 1 1 1 1 
164518231244183621294322 -1 -1 -1 -1 1 1 1 -1 1 1 -1 1 1 1 1 -1 -1 1 -1 1 1 1 -1 1 1 1 
161839281315204350384215 -1 -1 -1 1 -1 -1 -1 1 1 1 -1 1 -1 -1 1 1 1 -1 1 1 1 1 1 1 1 1 
1616183933221344248132521 -1 -1 -1 1 -1 -1 -1 1 1 1 -1 1 1 -1 1 -1 1 1 1 1 -1 1 1 1 1 1 
161533983011252236464827 -1 -1 -1 1 -1 -1 -1 1 1 1 -1 1 1 -1 1 1 1 1 1 -1 -1 1 1 1 1 1 
1618131313230442429502830 -1 -1 -1 1 -1 -1 -1 1 1 1 1 -1 1 -1 -1 1 1 1 1 1 -1 1 1 1 1 1 
163202351285051630292334 -1 -1 -1 1 -1 -1 1 -1 -1 1 1 -1 1 1 1 1 -1 1 -1 1 1 1 1 1 1 1 
16043514414296423326715 -1 -1 -1 1 -1 -1 1 -1 1 -1 1 1 -1 1 1 1 -1 1 1 1 1 1 -1 1 1 1 
1603651481449630331737 -1 -1 -1 1 -1 -1 1 -1 1 1 -1 1 -1 1 1 1 -1 1 1 1 1 1 1 -1 1 1 
1618374247231636014183131 -1 -1 -1 1 -1 -1 1 -1 1 1 -1 1 1 -1 1 1 1 -1 1 1 1 -1 1 1 1 1 
161513820181034251743451 -1 -1 -1 1 -1 -1 1 -1 1 1 -1 1 1 1 -1 1 1 1 1 1 1 -1 -1 1 1 1 
1614301813365031142242330 -1 -1 -1 1 -1 -1 1 -1 1 1 1 -1 -1 1 -1 1 1 1 1 1 -1 1 1 1 1 1 
162814729345032326353816 -1 -1 -1 1 -1 -1 1 -1 1 1 1 -1 1 1 1 1 1 -1 1 -1 -1 1 1 1 1 1 
161891313329444929312837 -1 -1 -1 1 -1 -1 1 -1 1 1 1 1 -1 -1 -1 1 1 1 1 1 1 1 -1 1 1 1 
16343384283426443232731 -1 -1 -1 1 -1 -1 1 -1 1 1 1 1 -1 -1 1 1 1 -1 1 -1 1 1 1 1 1 1 
1633751430394421343234 -1 -1 -1 1 -1 -1 1 -1 1 1 1 1 -1 1 1 -1 1 -1 1 1 1 -1 1 1 1 1 
16143423193112627433226 -1 -1 -1 1 -1 -1 1 1 -1 1 -1 -1 1 1 1 -1 1 1 1 1 1 1 -1 1 1 1 
16737632512505214363317 -1 -1 -1 1 -1 -1 1 1 -1 1 -1 1 -1 -1 1 1 1 1 1 -1 1 1 1 1 1 1 
1623452626271447222641150 -1 -1 -1 1 -1 -1 1 1 -1 1 -1 1 1 1 -1 1 1 1 1 -1 1 -1 1 1 1 1 
16840375123279332641108 -1 -1 -1 1 -1 -1 1 1 -1 1 -1 1 1 1 1 -1 1 1 1 -1 1 1 1 1 -1 1 
16253484742292623444011 -1 -1 -1 1 -1 -1 1 1 -1 1 1 1 1 -1 1 -1 1 1 -1 1 1 1 1 1 -1 1 
1636104916383822341921129 -1 -1 -1 1 -1 -1 1 1 -1 1 1 1 1 1 -1 1 -1 1 1 -1 1 -1 1 1 1 1 
1697535412827346473628 -1 -1 -1 1 -1 -1 1 1 -1 1 1 1 1 1 1 1 1 -1 -1 -1 1 1 1 1 -1 1 
162116393143033715474318 -1 -1 -1 1 -1 -1 1 1 1 -1 1 1 -1 -1 1 1 1 1 -1 1 1 1 1 1 -1 1 
16401842451714242022241926 -1 -1 -1 1 -1 -1 1 1 1 -1 1 1 -1 1 1 -1 1 -1 1 1 1 -1 1 1 1 1 
164424645113719212051124 -1 -1 -1 1 -1 -1 1 1 1 -1 1 1 1 1 1 -1 1 1 1 -1 1 -1 1 1 -1 1 
1619151243442614425421129 -1 -1 -1 1 -1 -1 1 1 1 -1 1 1 1 1 1 1 -1 1 -1 -1 1 1 1 1 -1 1 
162843718345321926483815 -1 -1 -1 1 -1 -1 1 1 1 1 -1 -1 1 1 1 1 1 -1 1 -1 1 1 1 -1 1 1 
16277202735421736950338 -1 -1 -1 1 -1 -1 1 1 1 1 -1 1 1 1 1 1 -1 -1 1 -1 1 1 1 1 -1 1 
1626133936161713416491244 -1 -1 -1 1 -1 -1 1 1 1 1 1 -1 1 1 -1 1 -1 1 1 1 1 1 -1 -1 1 1 
16245353520106455454420 -1 -1 -1 1 -1 -1 1 1 1 1 1 -1 1 1 1 1 1 -1 1 -1 1 1 -1 -1 1 1 
16431232639521504351155 -1 -1 -1 1 -1 -1 1 1 1 1 1 1 -1 -1 1 1 1 -1 1 -1 1 -1 1 1 1 1 
162393113189144936314237 -1 -1 -1 1 -1 -1 1 1 1 1 1 1 1 1 -1 -1 1 1 1 -1 -1 1 -1 1 1 1 
165262122360154134145245 -1 -1 -1 1 -1 -1 1 1 1 1 1 1 1 1 -1 -1 1 1 1 1 -1 1 -1 -1 1 1 
161636813354039393261146 -1 -1 -1 1 -1 1 -1 -1 1 -1 1 1 -1 1 1 1 1 1 -1 -1 1 1 1 1 1 1 
16843492121344831839207 -1 -1 -1 1 -1 1 -1 -1 1 -1 1 1 1 -1 1 1 -1 1 1 1 1 1 -1 1 1 1 
16219341352936495311537 -1 -1 -1 1 -1 1 -1 -1 1 -1 1 1 1 1 -1 -1 1 1 -1 1 1 1 1 1 1 1 
164352450342943164614123 -1 -1 -1 1 -1 1 -1 -1 1 -1 1 1 1 1 1 1 1 -1 1 -1 1 1 1 -1 1 1 
16193650037365152583411 -1 -1 -1 1 -1 1 -1 -1 1 1 -1 1 1 -1 1 -1 1 1 1 1 -1 1 1 1 1 1 
16184449323131334931454 -1 -1 -1 1 -1 1 -1 -1 1 1 -1 1 1 1 1 -1 1 1 1 -1 1 1 -1 1 1 1 
162493629129232232241847 -1 -1 -1 1 -1 1 -1 -1 1 1 1 -1 -1 1 1 1 1 1 1 1 -1 1 1 -1 1 1 
161238394033337402491818 -1 -1 -1 1 -1 1 -1 -1 1 1 1 -1 1 1 1 1 -1 1 1 -1 1 1 1 1 -1 1 
163414122945046343352416 -1 -1 -1 1 -1 1 -1 -1 1 1 1 -1 1 1 1 1 1 -1 -1 1 -1 1 1 1 1 1 
1622833223527254620112933 -1 -1 -1 1 -1 1 -1 -1 1 1 1 1 -1 1 -1 -1 1 1 1 1 1 1 1 -1 1 1 
16647390353161844163437 -1 -1 -1 1 -1 1 -1 -1 1 1 1 1 -1 1 1 1 1 1 1 -1 -1 1 1 -1 1 1 
165242150361315303430521 -1 -1 -1 1 -1 1 -1 1 1 -1 -1 1 -1 -1 1 1 1 -1 1 1 1 1 1 1 1 1 
162351516233432928503020 -1 -1 -1 1 -1 1 -1 1 1 -1 -1 1 1 -1 1 1 1 1 1 1 -1 -1 1 1 1 1 
1637241437914371424474412 -1 -1 -1 1 -1 1 -1 1 1 -1 -1 1 1 1 1 -1 -1 1 1 -1 1 1 1 1 1 1 
1618504230231363014133124 -1 -1 -1 1 -1 1 -1 1 1 -1 -1 1 1 1 1 -1 1 1 1 1 -1 1 1 -1 1 1 
1627411514232626047452622 -1 -1 -1 1 -1 1 -1 1 1 -1 -1 1 1 1 1 1 -1 -1 1 1 1 1 1 -1 1 1 
16192841476442523306440 -1 -1 -1 1 -1 1 -1 1 1 -1 1 -1 -1 1 1 -1 1 1 1 1 1 1 -1 1 1 1 
164237201739411311355016 -1 -1 -1 1 -1 1 -1 1 1 -1 1 1 -1 1 1 -1 1 1 1 -1 -1 1 1 1 1 1 
1644164516511671633163516 -1 -1 -1 1 -1 1 -1 1 1 -1 1 1 1 -1 -1 1 1 -1 1 1 -1 1 1 1 1 1 
1625251123919283922112215 -1 -1 -1 1 -1 1 -1 1 1 -1 1 1 1 1 1 -1 1 1 1 1 -1 1 -1 -1 1 1 
163443121845461943482415 -1 -1 -1 1 -1 1 -1 1 1 1 -1 -1 1 1 1 1 1 -1 -1 1 1 1 1 -1 1 1 
163222224234918293647129 -1 -1 -1 1 -1 1 -1 1 1 1 1 -1 -1 -1 1 1 1 1 1 1 -1 1 1 -1 1 1 
163543111016203513951825 -1 -1 -1 1 -1 1 -1 1 1 1 1 -1 -1 1 1 1 1 1 -1 -1 1 1 1 -1 1 1 
1648211621344225183933213 -1 -1 -1 1 -1 1 -1 1 1 1 1 -1 1 -1 1 1 -1 1 1 -1 -1 1 1 1 1 1 
16145182124325123373642 -1 -1 -1 1 -1 1 1 -1 -1 -1 1 1 -1 -1 1 1 1 1 -1 1 1 1 1 1 1 1 
161651820351039253431151 -1 -1 -1 1 -1 1 1 -1 -1 -1 1 1 -1 1 1 1 1 1 -1 1 1 -1 1 1 1 1 
162335125321736491843232 -1 -1 -1 1 -1 1 1 -1 -1 -1 1 1 1 -1 1 1 -1 1 -1 1 1 1 1 1 1 1 
163391626393611408463513 -1 -1 -1 1 -1 1 1 -1 -1 -1 1 1 1 -1 1 1 -1 1 1 1 1 1 1 1 -1 1 
16742726324317294215744 -1 -1 -1 1 -1 1 1 -1 -1 -1 1 1 1 1 1 1 1 1 -1 1 -1 1 1 -1 1 1 
161424912434734312411243 -1 -1 -1 1 -1 1 1 -1 -1 1 1 -1 1 -1 -1 1 -1 1 1 1 1 1 1 1 1 1 
16354136274093317482032 -1 -1 -1 1 -1 1 1 -1 -1 1 1 1 -1 1 1 1 1 1 -1 -1 1 -1 1 1 1 1 
16647390353161844163437 -1 -1 -1 1 -1 1 1 -1 -1 1 1 1 -1 1 1 1 1 1 1 1 -1 -1 1 -1 1 1 
16172419144045222624184220 -1 -1 -1 1 -1 1 1 -1 -1 1 1 1 1 1 1 1 1 -1 1 -1 -1 1 -1 1 1 1 
1657463536284139472728 -1 -1 -1 1 -1 1 1 -1 1 -1 -1 1 1 -1 -1 1 1 1 1 1 1 1 1 1 -1 1 
162949183144928913373213 -1 -1 -1 1 -1 1 1 -1 1 -1 -1 1 1 -1 1 1 1 -1 1 1 1 -1 1 1 1 1 
16113540225025496923536 -1 -1 -1 1 -1 1 1 -1 1 -1 -1 1 1 -1 1 1 1 1 1 1 1 -1 1 -1 1 1 
16264685293810453719231 -1 -1 -1 1 -1 1 1 -1 1 -1 1 -1 -1 1 1 1 1 1 -1 1 1 1 -1 1 1 1 
16261142334448474022529 -1 -1 -1 1 -1 1 1 -1 1 -1 1 1 -1 -1 -1 1 1 1 1 1 1 1 -1 1 1 1 
16393313302628323537101612 -1 -1 -1 1 -1 1 1 -1 1 -1 1 1 -1 -1 1 1 1 -1 1 -1 1 1 1 1 1 1 
16263923114752151926152712 -1 -1 -1 1 -1 1 1 -1 1 -1 1 1 1 1 1 1 -1 1 1 -1 -1 1 -1 1 1 1 
1655249140501185019918 -1 -1 -1 1 -1 1 1 -1 1 -1 1 1 1 1 1 1 -1 1 1 1 -1 1 -1 -1 1 1 
16173923223821495036729 -1 -1 -1 1 -1 1 1 -1 1 -1 1 1 1 1 1 1 1 -1 1 -1 1 -1 -1 1 1 1 
16421274517367387303240 -1 -1 -1 1 -1 1 1 -1 1 1 -1 -1 1 1 1 -1 -1 1 -1 1 1 1 1 1 1 1 
1642497371730736748321 -1 -1 -1 1 -1 1 1 -1 1 1 -1 -1 1 1 1 -1 1 1 1 -1 1 -1 1 1 1 1 
1636472728535928417463 -1 -1 -1 1 -1 1 1 -1 1 1 -1 -1 1 1 1 -1 1 1 1 1 -1 1 -1 1 1 1 
16329223464046187381240 -1 -1 -1 1 -1 1 1 -1 1 1 -1 1 -1 -1 -1 1 1 1 1 -1 1 1 1 1 1 1 
1625441942115112612294443 -1 -1 -1 1 -1 1 1 -1 1 1 -1 1 1 1 1 1 1 -1 -1 1 1 -1 -1 1 1 1 
16401347113047242502630 -1 -1 -1 1 -1 1 1 -1 1 1 1 1 1 -1 -1 1 1 1 -1 -1 1 1 1 1 -1 1 
16326344026973738132843 -1 -1 -1 1 -1 1 1 -1 1 1 1 1 1 1 -1 1 1 -1 -1 -1 1 1 -1 1 1 1 
1632144724721324339457 -1 -1 -1 1 -1 1 1 1 -1 -1 1 1 -1 -1 1 -1 1 1 1 1 1 1 -1 1 1 1 
16378343619025115136505 -1 -1 -1 1 -1 1 1 1 -1 -1 1 1 1 -1 -1 1 1 -1 1 1 1 1 1 1 -1 1 
16483516334282547392827 -1 -1 -1 1 -1 1 1 1 -1 -1 1 1 1 -1 1 -1 1 1 -1 1 -1 1 1 1 1 1 
16427111435394224132452 -1 -1 -1 1 -1 1 1 1 -1 -1 1 1 1 1 -1 -1 1 -1 1 1 1 1 1 1 -1 1 
1622133363522252920412918 -1 -1 -1 1 -1 1 1 1 -1 1 -1 -1 1 -1 1 1 1 1 1 1 1 1 -1 -1 1 1 
168152482138232843434515 -1 -1 -1 1 -1 1 1 1 -1 1 -1 -1 1 1 1 1 1 1 1 1 1 -1 -1 -1 1 1 
1647845363204311136475 -1 -1 -1 1 -1 1 1 1 -1 1 1 -1 1 -1 -1 1 1 -1 1 1 1 1 -1 1 1 1 
1650749144139522332482 -1 -1 -1 1 -1 1 1 1 -1 1 1 -1 1 1 -1 -1 1 -1 1 1 1 1 -1 1 1 1 
1651123432430413347442 -1 -1 -1 1 -1 1 1 1 -1 1 1 -1 1 1 1 -1 -1 -1 1 1 1 1 -1 1 1 1 
16184449323131334931454 -1 -1 -1 1 -1 1 1 1 -1 1 1 1 1 1 -1 1 1 -1 1 -1 1 1 -1 -1 1 1 
16172721302117382351321619 -1 -1 -1 1 -1 1 1 1 -1 1 1 1 1 1 1 1 -1 -1 -1 1 1 -1 1 -1 1 1 
16282924150182245183236 -1 -1 -1 1 -1 1 1 1 1 -1 -1 1 -1 1 1 1 1 1 1 -1 1 1 -1 -1 1 1 
1648112510948152130313625 -1 -1 -1 1 -1 1 1 1 1 -1 -1 1 1 -1 1 -1 -1 1 1 1 -1 1 1 1 1 1 
164923925452231361835136 -1 -1 -1 1 -1 1 1 1 1 -1 1 -1 1 1 1 -1 1 -1 -1 1 1 1 1 -1 1 1 
16134331691349404537189 -1 -1 -1 1 -1 1 1 1 1 -1 1 -1 1 1 1 1 1 -1 1 1 1 -1 -1 -1 1 1 
16443564535202452010545 -1 -1 -1 1 -1 1 1 1 1 -1 1 1 -1 -1 1 1 1 1 -1 1 -1 1 1 -1 1 1 
16392644223403541614645 -1 -1 -1 1 -1 1 1 1 1 -1 1 1 1 1 -1 -1 1 1 -1 1 -1 1 1 -1 1 1 
16342822848339725351647 -1 -1 -1 1 -1 1 1 1 1 -1 1 1 1 1 -1 1 1 -1 -1 1 -1 -1 1 1 1 1 
1636141726492021823453824 -1 -1 -1 1 -1 1 1 1 1 -1 1 1 1 1 1 -1 -1 1 -1 -1 1 1 -1 1 1 1 
1647027452641262615222314 -1 -1 -1 1 -1 1 1 1 1 1 -1 1 -1 -1 1 1 -1 1 1 1 1 -1 1 -1 1 1 
16744642511502614293343 -1 -1 -1 1 -1 1 1 1 1 1 1 -1 1 1 -1 1 1 1 1 -1 -1 1 -1 -1 1 1 
162431243734184439323331 -1 -1 -1 1 -1 1 1 1 1 1 1 1 -1 1 -1 -1 1 1 1 1 1 -1 -1 -1 1 1 
16215391243513261550435 -1 -1 -1 1 -1 1 1 1 1 1 1 1 1 -1 1 -1 -1 1 1 -1 -1 1 -1 1 1 1 
16284522322750462811833 -1 -1 -1 1 -1 1 1 1 1 1 1 1 1 1 -1 1 -1 -1 1 -1 1 -1 -1 1 1 1 
1628334414131618332302951 -1 -1 -1 1 1 -1 -1 -1 1 1 -1 1 1 1 -1 1 1 -1 1 1 -1 1 1 1 1 1 
165411522283638184013829 -1 -1 -1 1 1 -1 -1 1 -1 -1 1 -1 1 1 1 1 1 1 1 -1 1 -1 1 1 1 1 
16203217344145315232844 -1 -1 -1 1 1 -1 -1 1 -1 -1 1 1 1 -1 1 1 -1 1 -1 1 1 1 1 1 1 1 
161245192146445111372042 -1 -1 -1 1 1 -1 -1 1 -1 -1 1 1 1 1 -1 1 -1 1 1 1 1 1 1 -1 1 1 
16174314834543838191847 -1 -1 -1 1 1 -1 -1 1 -1 -1 1 1 1 1 1 1 -1 1 -1 1 1 1 1 -1 1 1 
1637353322242539618231236 -1 -1 -1 1 1 -1 -1 1 -1 1 1 -1 1 1 1 -1 1 1 -1 1 -1 1 1 1 1 1 
1644143202922134528261841 -1 -1 -1 1 1 -1 -1 1 -1 1 1 1 1 -1 1 1 1 -1 -1 1 -1 1 1 1 1 1 
164118281020452305491736 -1 -1 -1 1 1 -1 -1 1 -1 1 1 1 1 1 -1 -1 1 -1 1 1 1 1 -1 1 1 1 
163236343526237223862825 -1 -1 -1 1 1 -1 -1 1 1 -1 1 -1 1 -1 1 1 -1 1 1 -1 1 1 1 1 1 1 
1645122844823292465034 -1 -1 -1 1 1 -1 -1 1 1 -1 1 1 1 1 1 -1 1 -1 -1 1 1 -1 1 1 1 1 
16463464734224412323231 -1 -1 -1 1 1 -1 -1 1 1 1 1 -1 1 -1 -1 1 -1 1 1 1 -1 1 1 1 1 1 
16313145318329413444934 -1 -1 -1 1 1 -1 -1 1 1 1 1 1 1 -1 1 1 -1 1 1 -1 -1 1 -1 1 1 1 
1640947131947492312637 -1 -1 -1 1 1 -1 -1 1 1 1 1 1 1 1 -1 -1 1 -1 1 1 -1 1 -1 1 1 1 
1611471249424202919224629 -1 -1 -1 1 1 -1 1 -1 -1 1 -1 -1 1 1 1 1 1 1 -1 1 1 1 -1 1 1 1 
1642246241149192920471229 -1 -1 -1 1 1 -1 1 -1 -1 1 1 -1 -1 1 -1 1 -1 1 1 1 1 1 1 1 1 1 
1610345014048171810512435 -1 -1 -1 1 1 -1 1 -1 -1 1 1 -1 -1 1 -1 1 1 1 1 1 1 1 -1 1 1 1 
162133391443163315304351 -1 -1 -1 1 1 -1 1 -1 -1 1 1 -1 1 1 -1 -1 1 1 1 1 1 1 1 -1 1 1 
162334546232832428353033 -1 -1 -1 1 1 -1 1 -1 1 -1 -1 1 1 -1 1 1 -1 -1 1 1 1 1 1 1 1 1 
161840374039181293332438 -1 -1 -1 1 1 -1 1 -1 1 -1 -1 1 1 -1 1 1 -1 1 1 1 1 1 1 -1 1 1 
16384134215110454821137 -1 -1 -1 1 1 -1 1 -1 1 -1 1 1 -1 1 1 -1 -1 -1 1 1 1 1 1 1 1 1 
1650851911529504918401 -1 -1 -1 1 1 -1 1 -1 1 -1 1 1 1 1 1 -1 -1 -1 1 1 -1 1 1 1 1 1 
16391935534884711431638 -1 -1 -1 1 1 -1 1 -1 1 1 1 -1 -1 -1 1 1 -1 1 1 -1 1 1 1 1 1 1 
1636282775479354134628 -1 -1 -1 1 1 -1 1 -1 1 1 1 -1 -1 -1 1 1 1 1 1 1 -1 1 1 -1 1 1 
1652111119301238152652739 -1 -1 -1 1 1 -1 1 -1 1 1 1 -1 1 1 -1 1 1 -1 -1 -1 1 1 1 1 1 1 
16501650162216221650162216 -1 -1 -1 1 1 -1 1 -1 1 1 1 1 -1 1 -1 -1 1 1 -1 1 1 1 -1 1 1 1 
16401847161474731237260 -1 -1 -1 1 1 -1 1 -1 1 1 1 1 1 1 -1 1 -1 -1 1 1 -1 1 -1 1 1 1 
163237261337613916433940 -1 -1 -1 1 1 -1 1 1 -1 -1 1 -1 1 1 -1 -1 1 1 1 -1 1 1 1 1 1 1 
162313264927374731269159 -1 -1 -1 1 1 -1 1 1 -1 1 -1 -1 1 -1 1 -1 1 -1 1 1 1 1 1 1 1 1 
1636262322140424131141845 -1 -1 -1 1 1 -1 1 1 -1 1 -1 1 -1 -1 1 1 1 1 1 1 1 -1 -1 1 1 1 
16461130338424473224729 -1 -1 -1 1 1 -1 1 1 -1 1 -1 1 1 1 -1 -1 -1 1 1 1 1 1 1 -1 1 1 
16513230171130341923271623 -1 -1 -1 1 1 -1 1 1 -1 1 -1 1 1 1 -1 1 -1 -1 1 1 1 -1 1 1 1 1 
1633161537455111741311841 -1 -1 -1 1 1 -1 1 1 1 -1 -1 1 -1 -1 1 -1 1 1 1 -1 1 1 1 1 1 1 
16381238441525928464034 -1 -1 -1 1 1 -1 1 1 1 -1 -1 1 -1 -1 1 1 -1 1 1 1 1 1 -1 1 1 1 
1641144472124271431124237 -1 -1 -1 1 1 -1 1 1 1 -1 -1 1 -1 1 1 -1 -1 1 -1 1 1 1 1 1 1 1 
16382283440915123844546 -1 -1 -1 1 1 -1 1 1 1 -1 1 -1 -1 1 -1 -1 1 1 1 -1 1 1 1 1 1 1 
16434454423131323034133 -1 -1 -1 1 1 -1 1 1 1 -1 1 -1 -1 1 -1 1 -1 1 1 1 1 1 -1 1 1 1 
1651163516441633167164516 -1 -1 -1 1 1 -1 1 1 1 -1 1 1 -1 1 -1 -1 1 1 -1 1 -1 1 1 1 1 1 
1637503916323161413292635 -1 -1 -1 1 1 -1 1 1 1 -1 1 1 1 -1 1 1 -1 1 1 -1 1 -1 -1 1 1 1 
16342311322327301716195130 -1 -1 -1 1 1 -1 1 1 1 -1 1 1 1 1 1 -1 1 -1 -1 1 -1 -1 1 1 1 1 
1634516539266535124450 -1 -1 -1 1 1 1 -1 -1 1 -1 -1 1 1 1 -1 1 1 -1 1 1 -1 1 1 1 1 1 
1630471914253744124124614 -1 -1 -1 1 1 1 -1 -1 1 -1 1 -1 1 -1 1 1 -1 1 1 -1 1 1 1 1 1 1 
16173423738349433621239 -1 -1 -1 1 1 1 -1 1 -1 -1 1 -1 1 -1 -1 1 1 1 -1 1 1 1 1 1 1 1 
16453130313322443443134 -1 -1 -1 1 1 1 -1 1 1 -1 -1 1 1 -1 1 -1 -1 1 1 1 -1 1 1 1 1 1 
16471615123473326144030 -1 -1 -1 1 1 1 -1 1 1 1 -1 -1 1 1 -1 1 -1 -1 1 -1 1 1 1 1 1 1 
16314029303845313184340 -1 -1 -1 1 1 1 1 -1 -1 1 -1 -1 1 -1 1 1 -1 1 1 1 -1 1 1 1 1 1 
16384322174136124932347 -1 -1 -1 1 1 1 1 -1 -1 1 -1 1 -1 -1 1 1 1 -1 1 1 -1 1 1 1 1 1 
1636142331451423031161833 -1 -1 -1 1 1 1 1 -1 -1 1 1 -1 1 -1 -1 1 -1 1 -1 1 1 1 1 1 1 1 
162722965136432310252535 -1 -1 -1 1 1 1 1 -1 1 -1 -1 1 -1 -1 1 -1 1 1 1 -1 1 1 1 1 1 1 
162718919511543481052543 -1 -1 -1 1 1 1 1 -1 1 -1 -1 1 -1 1 -1 -1 1 1 -1 1 1 1 1 1 1 1 
16401093053650491144918 -1 -1 -1 1 1 1 1 -1 1 -1 1 1 -1 -1 1 -1 1 -1 -1 1 1 1 1 1 1 1 
163913139264032433761637 -1 -1 -1 1 1 1 1 1 -1 1 -1 -1 1 -1 1 -1 -1 1 1 1 -1 1 1 1 1 1 
16730636514504014123338 -1 -1 1 -1 -1 1 -1 -1 1 -1 1 -1 1 1 1 1 1 1 -1 -1 1 1 1 1 1 1 
16104027943382539185140 -1 -1 1 -1 -1 1 -1 -1 1 1 1 -1 -1 1 -1 1 1 1 1 1 -1 1 1 1 1 1 
169413622483630181512529 -1 -1 1 -1 -1 1 -1 1 -1 -1 1 1 1 1 -1 1 -1 1 1 1 1 1 1 -1 1 1 
1626233910164313346391251 -1 -1 1 -1 -1 1 -1 1 -1 -1 1 1 1 1 1 -1 -1 1 1 1 -1 1 1 1 1 1 
161543403838828155153828 -1 -1 1 -1 -1 1 -1 1 -1 1 1 1 1 1 -1 1 1 -1 1 1 1 1 -1 -1 1 1 
1613353722162526639233236 -1 -1 1 -1 -1 1 -1 1 -1 1 1 1 1 1 1 1 -1 -1 1 1 1 1 -1 -1 1 1 
1624481735501810340141051 -1 -1 1 -1 -1 1 -1 1 1 -1 1 -1 1 1 1 1 1 1 -1 -1 1 1 1 -1 1 1 
1629222546333322113527208 -1 -1 1 -1 -1 1 -1 1 1 1 -1 -1 1 -1 1 -1 1 1 1 -1 1 1 1 1 1 1 
16392353534284211281652 -1 -1 1 -1 -1 1 -1 1 1 1 -1 -1 1 1 1 -1 -1 1 -1 1 1 1 1 1 1 1 
164228204339151381315508 -1 -1 1 -1 -1 1 -1 1 1 1 -1 1 1 1 -1 1 1 1 -1 -1 1 -1 1 1 1 1 
1648211621344225183933213 -1 -1 1 -1 -1 1 -1 1 1 1 1 -1 1 -1 1 -1 1 1 1 -1 -1 1 1 1 1 1 
161336313545234322263025 -1 -1 1 -1 -1 1 -1 1 1 1 1 1 1 -1 1 1 1 1 -1 -1 1 -1 1 -1 1 1 
163216341426357293832850 -1 -1 1 -1 -1 1 -1 1 1 1 1 1 1 1 -1 -1 1 1 1 -1 -1 1 -1 1 1 1 
1644164516511671633163516 -1 -1 1 -1 -1 1 1 -1 -1 1 1 1 1 1 -1 1 -1 1 -1 1 1 -1 1 1 1 1 
16151247392615231127192652 -1 -1 1 -1 -1 1 1 -1 1 1 1 1 1 1 1 1 -1 -1 1 -1 1 -1 -1 1 1 1 
164535132249251863123936 -1 -1 1 -1 -1 1 1 1 -1 1 -1 1 1 1 1 1 -1 -1 1 -1 1 1 -1 1 1 1 
164123282520225236535176 -1 -1 1 -1 -1 1 1 1 1 -1 -1 1 -1 1 -1 1 -1 1 1 1 1 -1 1 1 1 1 
165222154121455143603426 -1 -1 1 -1 -1 1 1 1 1 -1 1 1 -1 1 -1 1 -1 1 1 -1 -1 1 1 1 1 1 
16234230142351285134539 -1 -1 1 -1 1 -1 -1 1 -1 1 1 -1 -1 1 1 1 1 -1 1 -1 1 1 1 1 1 1 
16235226122719473926111515 -1 -1 1 -1 1 -1 -1 1 -1 1 1 1 -1 1 -1 1 1 1 1 1 1 -1 -1 1 1 1 
16363149938132237199149 -1 -1 1 -1 1 -1 -1 1 -1 1 1 1 1 -1 1 1 1 -1 1 1 -1 -1 1 1 1 1 
16314045401818991334938 -1 -1 1 -1 1 -1 -1 1 1 -1 1 1 -1 -1 1 1 -1 1 1 1 1 -1 1 1 1 1 
163732333424439311831244 -1 -1 1 -1 1 -1 -1 1 1 1 -1 -1 1 1 -1 1 1 -1 1 -1 1 1 1 1 1 1 
1637504733394721349922 -1 -1 1 -1 1 -1 -1 1 1 1 -1 1 -1 -1 1 1 1 1 1 -1 1 -1 1 1 1 1 
1611414516413115371817335 -1 -1 1 -1 1 -1 1 -1 -1 1 1 -1 1 -1 -1 1 1 1 1 1 1 1 -1 1 1 1 
163831285403715413816517 -1 -1 1 -1 1 -1 1 -1 -1 1 1 1 -1 1 1 1 1 1 -1 -1 1 -1 1 1 1 1 
1645163316351651164416716 -1 -1 1 -1 1 -1 1 -1 -1 1 1 1 1 -1 1 1 1 -1 -1 1 -1 1 1 1 1 1 
162828384351540383815158 -1 -1 1 -1 1 -1 1 -1 1 1 -1 -1 1 1 1 -1 -1 1 1 1 1 1 1 1 -1 1 
16405147331304714232616 -1 -1 1 -1 1 -1 1 -1 1 1 -1 1 1 -1 1 1 -1 1 1 1 1 -1 -1 1 1 1 
161230464922183244636710 -1 -1 1 -1 1 -1 1 -1 1 1 1 1 1 1 1 1 -1 -1 1 1 -1 -1 1 1 -1 1 
1639424813251822116213433 -1 -1 1 -1 1 -1 1 1 -1 -1 1 1 -1 1 1 -1 -1 1 1 1 1 -1 1 1 1 1 
164328843231545382415218 -1 -1 1 -1 1 -1 1 1 1 -1 1 -1 -1 1 -1 1 1 1 1 1 1 -1 -1 1 1 1 
16512933157421443044626 -1 -1 1 -1 1 -1 1 1 1 -1 1 1 -1 1 -1 -1 1 1 1 -1 -1 1 1 1 1 1 
163841381615315372817405 -1 -1 1 -1 1 -1 1 1 1 -1 1 1 1 -1 -1 1 1 1 1 1 -1 -1 1 1 -1 1 
16487214318394921203834 -1 -1 1 -1 1 -1 1 1 1 1 -1 -1 1 1 -1 1 -1 -1 1 -1 1 1 1 1 1 1 
165120223922243982342823 -1 -1 1 -1 1 -1 1 1 1 1 1 -1 -1 1 -1 1 1 -1 -1 1 1 -1 1 1 1 1 
163446183617263813439140 -1 -1 1 -1 1 -1 1 1 1 1 1 -1 -1 1 1 1 1 -1 1 1 -1 -1 1 1 -1 1 
163014432931501334535216 -1 -1 1 -1 1 -1 1 1 1 1 1 1 1 -1 1 -1 -1 1 1 -1 -1 1 -1 1 1 1 
162527303336469848221511 -1 -1 1 -1 1 -1 1 1 1 1 1 1 1 -1 1 -1 -1 1 1 1 -1 1 -1 -1 1 1 
1634516539266535124450 -1 -1 1 -1 1 1 -1 -1 1 1 -1 -1 1 -1 1 1 1 1 -1 -1 1 1 1 1 1 1 
164146332114418341512459 -1 -1 1 -1 1 1 -1 -1 1 1 1 -1 -1 1 -1 1 1 1 1 1 -1 1 -1 1 1 1 
164335512210259625232736 -1 -1 1 -1 1 1 -1 -1 1 1 1 -1 1 -1 -1 1 1 1 -1 1 1 1 1 -1 1 1 
1644142547412419146123037 -1 -1 1 -1 1 1 -1 -1 1 1 1 -1 1 1 -1 -1 1 -1 1 1 1 1 1 1 -1 1 
16444725234101966443028 -1 -1 1 -1 1 1 -1 1 1 -1 -1 1 1 -1 -1 1 1 1 -1 1 -1 1 1 1 1 1 
164548282582132112105031 -1 -1 1 -1 1 1 -1 1 1 -1 -1 1 1 1 1 1 -1 1 -1 1 1 -1 -1 1 1 1 
16484716283435252839723 -1 -1 1 -1 1 1 -1 1 1 1 -1 1 -1 1 -1 1 1 1 1 -1 1 -1 -1 1 1 1 
16454423924348462124312 -1 -1 1 -1 1 1 1 -1 -1 1 -1 1 1 1 1 1 -1 1 -1 1 1 -1 -1 1 1 1 
16471527522611261215392319 -1 -1 1 -1 1 1 1 -1 1 -1 1 1 -1 -1 1 1 -1 -1 1 1 1 1 1 1 -1 1 
1644303213295013128241830 -1 -1 1 -1 1 1 1 -1 1 1 1 1 -1 -1 1 -1 1 1 1 1 -1 1 -1 -1 1 1 
16443963335412202030537 -1 -1 1 -1 1 1 1 1 -1 1 -1 -1 1 1 -1 -1 1 1 -1 1 -1 1 1 1 1 1 
16435043512112155353926 -1 -1 1 1 -1 -1 1 1 -1 1 -1 1 -1 1 1 -1 1 1 -1 1 1 -1 1 1 1 1 
