1653115482810382540113821 -1 -1 -1 1 -1 1 -1 1 1 -1 -1 -1 1 1 -1 1 1 -1 1 1 1 1 1 1 1 1 
16641203752035394433230 -1 -1 -1 1 -1 1 -1 1 1 -1 -1 -1 1 1 -1 1 1 1 1 1 1 -1 1 1 1 1 
16141949271342173244136 -1 -1 -1 1 -1 1 -1 1 1 -1 -1 -1 1 1 1 1 1 1 1 1 -1 1 1 -1 1 1 
165242150361315303430521 -1 -1 -1 1 -1 1 -1 1 1 -1 -1 1 -1 -1 1 1 1 -1 1 1 1 1 1 1 1 1 
1618342302333361614513114 -1 -1 -1 1 -1 1 -1 1 1 -1 -1 1 1 -1 1 -1 -1 1 1 1 1 1 1 1 1 1 
1626433931163113266431226 -1 -1 -1 1 -1 1 -1 1 1 -1 -1 1 1 -1 1 1 -1 1 1 1 1 -1 1 1 1 1 
162351516233432928503020 -1 -1 -1 1 -1 1 -1 1 1 -1 -1 1 1 -1 1 1 1 1 1 1 -1 -1 1 1 1 1 
16324434322637343831284 -1 -1 -1 1 -1 1 -1 1 1 -1 -1 1 1 1 -1 1 1 -1 1 1 1 -1 1 1 1 1 
1637241437914371424474412 -1 -1 -1 1 -1 1 -1 1 1 -1 -1 1 1 1 1 -1 -1 1 1 -1 1 1 1 1 1 1 
1625333582011332229462227 -1 -1 -1 1 -1 1 -1 1 1 -1 -1 1 1 1 1 -1 -1 1 1 1 1 1 1 -1 1 1 
1618504230231363014133124 -1 -1 -1 1 -1 1 -1 1 1 -1 -1 1 1 1 1 -1 1 1 1 1 -1 1 1 -1 1 1 
1627411514232626047452622 -1 -1 -1 1 -1 1 -1 1 1 -1 -1 1 1 1 1 1 -1 -1 1 1 1 1 1 -1 1 1 
16324573874042301736712 -1 -1 -1 1 -1 1 -1 1 1 -1 -1 1 1 1 1 1 -1 1 1 -1 1 -1 1 1 1 1 
