16515122522263952122850 -1 -1 -1 -1 -1 -1 1 -1 1 1 1 1 -1 1 -1 1 1 1 -1 1 1 1 -1 1 1 1 
1648392120181549132036826 -1 -1 -1 -1 -1 -1 1 1 -1 1 1 -1 1 1 1 1 -1 1 -1 1 1 1 -1 1 1 1 
16465043739399211591222 -1 -1 -1 -1 -1 -1 1 1 1 -1 -1 1 1 -1 1 -1 1 1 1 -1 1 1 1 1 1 1 
164341431421261503453922 -1 -1 -1 -1 -1 -1 1 1 1 -1 1 -1 1 -1 1 1 -1 1 1 1 1 -1 1 1 1 1 
163841381615315372817405 -1 -1 -1 -1 -1 -1 1 1 1 -1 1 -1 1 1 -1 1 1 -1 1 1 1 -1 1 1 1 1 
1634483740472896418339 -1 -1 -1 -1 -1 -1 1 1 1 -1 1 -1 1 1 1 1 -1 -1 1 1 1 -1 1 1 1 1 
16374526191046233881952 -1 -1 -1 -1 -1 -1 1 1 1 -1 1 1 -1 1 1 1 -1 1 -1 1 1 1 -1 1 1 1 
1631503913102731181936344 -1 -1 -1 -1 -1 -1 1 1 1 -1 1 1 1 -1 1 1 -1 1 1 -1 1 -1 1 1 1 1 
164243272741641372143122 -1 -1 -1 -1 -1 1 -1 -1 1 1 1 -1 1 1 -1 1 1 1 -1 1 -1 1 1 1 1 1 
16464343213934931539127 -1 -1 -1 -1 -1 1 -1 1 -1 -1 1 1 1 1 -1 1 1 1 -1 -1 1 1 1 1 1 1 
164330433021241513313950 -1 -1 -1 -1 -1 1 -1 1 -1 1 -1 1 1 1 1 -1 1 1 1 -1 -1 1 1 1 1 1 
1644400453465162303320 -1 -1 -1 -1 -1 1 -1 1 -1 1 1 -1 1 1 1 -1 -1 1 1 1 1 1 -1 1 1 1 
1635412922223620182513329 -1 -1 -1 -1 -1 1 -1 1 -1 1 1 1 -1 -1 1 1 1 -1 1 1 -1 1 1 1 1 1 
1649153826361323392201736 -1 -1 -1 -1 -1 1 -1 1 -1 1 1 1 -1 -1 1 1 1 1 1 -1 1 1 -1 1 1 1 
163846118361319822174946 -1 -1 -1 -1 -1 1 -1 1 -1 1 1 1 -1 1 1 -1 1 -1 1 1 1 1 -1 1 1 1 
1643244020185087502644 -1 -1 -1 -1 -1 1 -1 1 -1 1 1 1 -1 1 1 1 1 -1 1 1 -1 -1 1 1 1 1 
1644322517413019196273023 -1 -1 -1 -1 -1 1 -1 1 -1 1 1 1 1 -1 1 1 1 1 -1 -1 1 1 -1 1 1 1 
164251120910292513431851 -1 -1 -1 -1 -1 1 -1 1 -1 1 1 1 1 1 -1 1 -1 1 1 -1 1 1 1 -1 1 1 
164811223542243473432160 -1 -1 -1 -1 -1 1 -1 1 1 -1 1 1 -1 1 1 1 -1 1 1 1 1 -1 -1 1 1 1 
1650444378286940311829 -1 -1 -1 -1 -1 1 -1 1 1 -1 1 1 1 1 1 1 1 -1 -1 1 -1 1 -1 1 1 1 
16425127483214935134118 -1 -1 -1 -1 -1 1 -1 1 1 1 -1 -1 1 1 1 1 -1 -1 1 1 1 1 1 1 -1 1 
164039378332303441241320 -1 -1 -1 -1 -1 1 -1 1 1 1 -1 1 -1 -1 1 1 1 1 -1 1 1 1 1 -1 1 1 
1631273941018315019133436 -1 -1 -1 -1 -1 1 -1 1 1 1 -1 1 -1 1 1 -1 1 1 1 -1 1 1 -1 1 1 1 
164118442747116155221633 -1 -1 -1 -1 -1 1 -1 1 1 1 -1 1 -1 1 1 -1 1 1 1 1 1 -1 -1 1 1 1 
162151262021109259432651 -1 -1 -1 -1 -1 1 -1 1 1 1 -1 1 1 1 -1 1 -1 1 1 -1 1 -1 1 1 1 1 
164918198146381736132246 -1 -1 -1 -1 -1 1 -1 1 1 1 -1 1 1 1 -1 1 1 1 -1 1 1 -1 1 -1 1 1 
165224152321852036393434 -1 -1 -1 -1 -1 1 -1 1 1 1 -1 1 1 1 1 1 -1 1 -1 1 1 -1 1 -1 1 1 
16522846432915838515248 -1 -1 -1 -1 -1 1 -1 1 1 1 1 1 1 -1 1 1 -1 1 1 1 -1 -1 -1 1 1 1 
163350133040141300133724 -1 -1 -1 -1 -1 1 1 -1 -1 1 1 1 1 1 -1 1 -1 1 -1 1 1 1 1 -1 1 1 
1651342221221039382292816 -1 -1 -1 -1 -1 1 1 -1 -1 1 1 1 1 1 1 1 -1 1 -1 1 -1 1 1 -1 1 1 
164337432621515253263929 -1 -1 -1 -1 -1 1 1 -1 1 -1 1 -1 1 -1 -1 1 1 1 1 -1 1 1 1 1 1 1 
16474614621747182684013 -1 -1 -1 -1 -1 1 1 -1 1 -1 1 -1 1 1 -1 -1 1 1 1 1 1 1 1 -1 1 1 
16491384336272392251742 -1 -1 -1 -1 -1 1 1 -1 1 -1 1 -1 1 1 1 1 1 -1 1 1 1 -1 -1 1 1 1 
16334144991314175444736 -1 -1 -1 -1 -1 1 1 -1 1 -1 1 1 -1 1 -1 1 -1 1 1 1 1 1 -1 1 1 1 
16291741461472050158532 -1 -1 -1 -1 -1 1 1 -1 1 -1 1 1 1 -1 1 1 1 -1 1 1 -1 -1 1 1 1 1 
16242837293794444147931 -1 -1 -1 -1 -1 1 1 -1 1 1 -1 -1 1 1 1 -1 1 -1 1 1 1 -1 1 1 1 1 
16255064430741244420192 -1 -1 -1 -1 -1 1 1 -1 1 1 -1 1 -1 1 1 -1 -1 1 1 1 1 1 -1 1 1 1 
161650297463927213091722 -1 -1 -1 -1 -1 1 1 -1 1 1 1 -1 -1 1 1 -1 1 -1 1 1 1 -1 1 1 1 1 
161442491432534431291227 -1 -1 -1 -1 -1 1 1 -1 1 1 1 -1 1 -1 1 1 1 -1 -1 1 1 -1 1 1 1 1 
1619491143203546171232425 -1 -1 -1 -1 -1 1 1 -1 1 1 1 1 -1 1 1 -1 -1 1 1 1 -1 1 -1 1 1 1 
1635373641111115194734217 -1 -1 -1 -1 -1 1 1 1 -1 1 -1 -1 1 -1 1 1 -1 1 1 1 1 1 -1 1 1 1 
162828384351540383815158 -1 -1 -1 -1 -1 1 1 1 -1 1 -1 -1 1 1 -1 1 1 -1 1 1 1 1 -1 1 1 1 
16222640392436192042131715 -1 -1 -1 -1 -1 1 1 1 -1 1 -1 1 1 -1 -1 1 1 1 1 -1 1 1 -1 1 1 1 
1619503113312734183936104 -1 -1 -1 -1 -1 1 1 1 -1 1 1 -1 -1 1 -1 1 1 -1 1 1 1 1 -1 1 1 1 
161448494043283461218129 -1 -1 -1 -1 -1 1 1 1 -1 1 1 -1 1 1 1 1 -1 -1 -1 1 1 1 -1 1 1 1 
16385232175028834192618 -1 -1 -1 -1 1 -1 -1 1 -1 1 -1 1 1 1 -1 1 1 -1 -1 1 1 1 1 1 1 1 
164519304813432543153118 -1 -1 -1 -1 1 -1 -1 1 -1 1 -1 1 1 1 -1 1 1 1 1 -1 -1 1 1 1 1 1 
16403642151720242622391913 -1 -1 -1 -1 1 -1 -1 1 -1 1 -1 1 1 1 1 1 -1 1 1 -1 -1 1 1 1 1 1 
16353934227491417512051 -1 -1 -1 -1 1 -1 -1 1 -1 1 1 1 -1 1 -1 1 -1 1 1 1 1 -1 1 1 1 1 
163526114016133463936839 -1 -1 -1 -1 1 -1 -1 1 -1 1 1 1 -1 1 -1 1 1 1 -1 1 1 -1 1 1 1 1 
16432240431848275037616 -1 -1 -1 -1 1 -1 -1 1 -1 1 1 1 -1 1 1 1 1 1 -1 1 -1 -1 1 1 1 1 
16503555011299164914403 -1 -1 -1 -1 1 -1 -1 1 -1 1 1 1 1 1 -1 -1 1 1 1 1 -1 1 1 1 -1 1 
165120445164522351545310 -1 -1 -1 -1 1 -1 -1 1 -1 1 1 1 1 1 -1 1 1 1 -1 1 1 -1 -1 1 1 1 
164943122112344331439347 -1 -1 -1 -1 1 -1 -1 1 -1 1 1 1 1 1 1 -1 -1 1 1 1 -1 1 1 1 -1 1 
162745019204616381513552 -1 -1 -1 -1 1 -1 -1 1 1 -1 1 1 1 -1 1 -1 1 -1 1 1 1 1 -1 1 1 1 
164236113940293913261846 -1 -1 -1 -1 1 -1 -1 1 1 -1 1 1 1 -1 1 -1 1 1 1 -1 1 1 1 1 -1 1 
164112481850262310544927 -1 -1 -1 -1 1 -1 -1 1 1 1 -1 1 -1 1 -1 1 1 1 1 1 1 -1 -1 1 1 1 
1631183936105031271943413 -1 -1 -1 -1 1 -1 -1 1 1 1 -1 1 1 -1 -1 1 1 1 1 1 -1 1 -1 1 1 1 
162825392622375152229226 -1 -1 -1 -1 1 -1 -1 1 1 1 -1 1 1 1 -1 1 1 1 -1 1 -1 -1 1 1 1 1 
16503454750293821342011 -1 -1 -1 -1 1 -1 -1 1 1 1 -1 1 1 1 -1 1 1 1 1 1 -1 -1 -1 1 1 1 
162136261321409399262646 -1 -1 -1 -1 1 -1 -1 1 1 1 1 -1 1 -1 1 -1 1 1 1 -1 1 1 -1 1 1 1 
161946364622171184983813 -1 -1 -1 -1 1 -1 -1 1 1 1 1 1 -1 1 -1 -1 1 1 1 1 -1 1 -1 1 1 1 
163925354335181011511620 -1 -1 -1 -1 1 -1 -1 1 1 1 1 1 1 -1 -1 1 1 1 1 -1 1 -1 1 -1 1 1 
16365017749392212393822 -1 -1 -1 -1 1 -1 -1 1 1 1 1 1 1 -1 1 -1 1 -1 1 1 1 1 -1 -1 1 1 
1640947131947492312637 -1 -1 -1 -1 1 -1 1 -1 1 -1 -1 1 1 -1 1 1 1 -1 1 1 -1 1 1 1 1 1 
1647923726491940134731 -1 -1 -1 -1 1 -1 1 -1 1 -1 1 1 1 1 -1 1 1 -1 1 1 1 1 -1 -1 1 1 
16221238261954950151365 -1 -1 -1 -1 1 -1 1 -1 1 1 -1 1 1 -1 1 1 1 -1 1 1 -1 -1 1 1 1 1 
164739332034154139363726 -1 -1 -1 -1 1 -1 1 -1 1 1 1 -1 -1 -1 1 1 1 1 1 1 1 -1 1 1 -1 1 
161522404638332811527388 -1 -1 -1 -1 1 -1 1 -1 1 1 1 1 -1 -1 1 1 1 -1 1 1 -1 -1 1 1 1 1 
1644203239292413828341823 -1 -1 -1 -1 1 -1 1 -1 1 1 1 1 1 -1 1 1 1 1 -1 -1 1 -1 -1 1 1 1 
164411377141937379412434 -1 -1 -1 -1 1 -1 1 1 -1 -1 1 -1 1 1 1 -1 1 1 1 -1 1 1 1 1 -1 1 
16212020408301845486496 -1 -1 -1 -1 1 -1 1 1 -1 -1 1 1 -1 1 1 -1 1 -1 1 1 1 -1 1 1 1 1 
163913224628224628185117 -1 -1 -1 -1 1 -1 1 1 -1 -1 1 1 1 1 1 -1 1 -1 1 1 1 -1 1 1 -1 1 
16493184120221478434812 -1 -1 -1 -1 1 -1 1 1 -1 -1 1 1 1 1 1 -1 1 1 1 -1 1 -1 1 1 -1 1 
1643321224143512034114947 -1 -1 -1 -1 1 -1 1 1 -1 1 -1 1 -1 1 -1 1 1 1 1 1 1 1 -1 -1 1 1 
1674617507327832474217 -1 -1 -1 -1 1 -1 1 1 -1 1 1 1 1 -1 -1 1 1 -1 1 -1 1 -1 1 1 1 1 
163829303726261126725525 -1 -1 -1 -1 1 -1 1 1 1 -1 1 1 1 1 1 1 -1 -1 1 -1 1 -1 -1 1 1 1 
16452342382813518421742 -1 -1 -1 -1 1 -1 1 1 1 1 -1 1 -1 -1 1 1 -1 1 -1 1 1 1 -1 1 1 1 
163939352633684011461613 -1 -1 -1 -1 1 -1 1 1 1 1 1 1 1 -1 1 -1 1 1 -1 -1 1 -1 -1 1 1 1 
16362363036236236303630 -1 -1 -1 -1 1 1 -1 -1 1 -1 1 -1 1 -1 1 1 1 1 -1 1 1 -1 1 1 1 1 
163920153943244382134323 -1 -1 -1 -1 1 1 -1 -1 1 1 -1 -1 1 -1 1 -1 1 1 1 1 1 -1 1 1 1 1 
1621274230411731232732419 -1 -1 -1 -1 1 1 -1 -1 1 1 -1 1 1 1 1 1 -1 1 -1 1 -1 -1 1 1 1 1 
169452345264537101020835 -1 -1 -1 -1 1 1 -1 -1 1 1 1 -1 1 -1 1 -1 1 1 -1 -1 1 1 1 1 1 1 
163529350275193417202016 -1 -1 -1 -1 1 1 -1 -1 1 1 1 1 1 1 1 -1 -1 1 1 -1 1 -1 1 -1 1 1 
161516363134021375247518 -1 -1 -1 -1 1 1 -1 1 -1 1 1 -1 -1 1 -1 1 1 1 -1 1 1 -1 1 1 1 1 
16349335174917493351735 -1 -1 -1 -1 1 1 -1 1 1 -1 1 1 1 -1 -1 1 -1 1 -1 1 1 1 -1 1 1 1 
16271546403019293417281613 -1 -1 -1 -1 1 1 -1 1 1 1 1 1 -1 1 -1 1 1 1 -1 -1 1 -1 -1 1 1 1 
1649505018984052511119 -1 -1 -1 -1 1 1 1 -1 1 -1 -1 -1 1 -1 -1 1 1 -1 1 1 1 1 1 1 1 1 
1615184645914122043243926 -1 -1 -1 1 -1 -1 1 -1 1 1 1 -1 1 -1 1 1 1 1 -1 -1 1 -1 1 1 1 1 
16385217242818351423442 -1 -1 -1 1 -1 -1 1 1 1 -1 1 -1 -1 1 -1 1 1 1 1 1 1 1 -1 1 -1 1 
