1669393735496944133431 -1 -1 -1 -1 1 -1 -1 1 -1 1 1 1 -1 1 1 1 -1 1 1 -1 1 1 1 1 1 1 
165151515284338840283838 -1 -1 -1 -1 1 -1 -1 1 -1 1 1 1 -1 1 1 1 1 1 -1 -1 1 1 1 1 1 1 
16354351550391243262151 -1 -1 -1 -1 1 -1 -1 1 -1 1 1 1 1 1 1 -1 -1 1 1 1 1 1 -1 1 1 1 
160182453314342044245126 -1 -1 -1 -1 1 -1 -1 1 1 -1 -1 1 1 1 1 1 -1 1 -1 1 1 1 1 1 1 1 
1612171344394126131636649 -1 -1 -1 -1 1 -1 -1 1 1 -1 1 1 -1 1 1 1 1 -1 1 -1 1 1 1 1 1 1 
1611154584138152818433315 -1 -1 -1 -1 1 -1 -1 1 1 -1 1 1 1 -1 1 -1 1 1 1 1 -1 1 1 1 1 1 
16732323446412312234644 -1 -1 -1 -1 1 -1 -1 1 1 -1 1 1 1 -1 1 1 1 1 -1 1 1 -1 1 1 1 1 
1693111349325440445034 -1 -1 -1 -1 1 -1 -1 1 1 -1 1 1 1 -1 1 1 1 1 1 -1 -1 1 1 1 1 1 
16183491831401338940459 -1 -1 -1 -1 1 -1 -1 1 1 -1 1 1 1 1 -1 1 -1 1 1 1 -1 1 1 1 1 1 
1671651163316451635164416 -1 -1 -1 -1 1 -1 -1 1 1 -1 1 1 1 1 -1 1 -1 1 1 1 1 1 -1 1 1 1 
1663135944133937349649 -1 -1 -1 -1 1 -1 -1 1 1 -1 1 1 1 1 -1 1 1 1 1 -1 1 -1 1 1 1 1 
16374221342222916394850 -1 -1 -1 -1 1 -1 -1 1 1 -1 1 1 1 1 1 -1 -1 1 1 1 1 1 1 -1 1 1 
1681449262120481818452024 -1 -1 -1 -1 1 -1 -1 1 1 -1 1 1 1 1 1 -1 1 -1 1 1 1 1 -1 1 1 1 
16131129192812321518524439 -1 -1 -1 -1 1 -1 -1 1 1 -1 1 1 1 1 1 -1 1 1 1 -1 -1 1 1 1 1 1 
16211353220376235474451 -1 -1 -1 -1 1 -1 -1 1 1 -1 1 1 1 1 1 1 -1 -1 1 1 1 1 1 -1 1 1 
