1624143747372444141412937 -1 -1 1 -1 1 -1 -1 1 1 -1 1 1 1 1 1 1 1 -1 1 -1 -1 1 -1 1 1 1 
163231289181329374491349 -1 -1 1 -1 1 -1 -1 1 1 1 -1 -1 1 -1 1 1 1 -1 -1 1 1 1 1 1 1 1 
163732333424439311831244 -1 -1 1 -1 1 -1 -1 1 1 1 -1 -1 1 1 -1 1 1 -1 1 -1 1 1 1 1 1 1 
163944243218333341231374 -1 -1 1 -1 1 -1 -1 1 1 1 -1 -1 1 1 -1 1 1 1 -1 1 -1 1 1 1 1 1 
1637504733394721349922 -1 -1 1 -1 1 -1 -1 1 1 1 -1 1 -1 -1 1 1 1 1 1 -1 1 -1 1 1 1 1 
1639124426345355065165 -1 -1 1 -1 1 -1 -1 1 1 1 -1 1 -1 1 -1 1 1 -1 -1 1 1 1 1 1 1 1 
16400474514147262222614 -1 -1 1 -1 1 -1 -1 1 1 1 -1 1 -1 1 1 -1 -1 1 -1 1 1 1 1 1 1 1 
16499383936723222501721 -1 -1 1 -1 1 -1 -1 1 1 1 -1 1 1 1 -1 1 1 -1 -1 1 -1 1 1 1 1 1 
1641363329111818411522451 -1 -1 1 -1 1 -1 -1 1 1 1 -1 1 1 1 -1 1 1 1 -1 1 -1 -1 1 1 1 1 
164637204122111424451951 -1 -1 1 -1 1 -1 -1 1 1 1 1 -1 -1 1 1 -1 1 1 1 -1 -1 1 1 1 1 1 
