162015138503839284243115 -1 -1 -1 -1 1 -1 1 1 1 1 1 1 1 -1 1 -1 1 1 1 -1 -1 1 -1 1 1 1 
161232220493436393881924 -1 -1 -1 -1 1 -1 1 1 1 1 1 1 1 -1 1 -1 1 1 1 1 -1 1 -1 -1 1 1 
16133311845404338240309 -1 -1 -1 -1 1 -1 1 1 1 1 1 1 1 1 -1 1 -1 1 1 -1 -1 1 -1 1 1 1 
1653464736741289282735 -1 -1 -1 -1 1 -1 1 1 1 1 1 1 1 1 -1 1 1 -1 -1 1 1 -1 1 -1 1 1 
16354351550391243262151 -1 -1 -1 -1 1 -1 1 1 1 1 1 1 1 1 1 -1 -1 1 1 -1 1 -1 -1 1 1 1 
161241829229324723493622 -1 -1 -1 -1 1 1 -1 -1 -1 1 1 -1 1 1 1 -1 1 -1 1 1 1 1 1 1 1 1 
16923321014327341394251 -1 -1 -1 -1 1 1 -1 -1 -1 1 1 1 -1 1 1 -1 1 1 -1 1 1 1 1 1 1 1 
1611292610721301652343838 -1 -1 -1 -1 1 1 -1 -1 -1 1 1 1 -1 1 1 1 -1 1 1 -1 1 1 1 1 1 1 
16221781218461932504652 -1 -1 -1 -1 1 1 -1 -1 -1 1 1 1 1 1 1 1 -1 -1 1 1 -1 1 1 1 1 1 
1622125181613483334423921 -1 -1 -1 -1 1 1 -1 -1 1 -1 1 -1 1 1 1 -1 -1 1 1 1 1 1 1 1 1 1 
16349335174917493351735 -1 -1 -1 -1 1 1 -1 -1 1 -1 1 -1 1 1 1 1 1 1 -1 1 1 -1 1 1 1 1 
162114510324850212831825 -1 -1 -1 -1 1 1 -1 -1 1 -1 1 1 -1 1 -1 1 -1 1 1 1 1 1 1 1 1 1 
