163630521355034115242130 -1 -1 1 -1 -1 1 -1 1 1 -1 1 1 1 1 1 -1 -1 1 1 1 -1 1 -1 1 1 1 
1622122839511521139192252 -1 -1 1 -1 -1 1 -1 1 1 1 -1 -1 1 -1 -1 1 1 1 -1 1 1 1 1 1 1 1 
16201817524119515282850 -1 -1 1 -1 -1 1 -1 1 1 1 -1 -1 1 -1 -1 1 1 1 1 1 1 1 -1 1 1 1 
1629222546333322113527208 -1 -1 1 -1 -1 1 -1 1 1 1 -1 -1 1 -1 1 -1 1 1 1 -1 1 1 1 1 1 1 
162829235035130345202316 -1 -1 1 -1 -1 1 -1 1 1 1 -1 -1 1 -1 1 -1 1 1 1 1 1 -1 1 1 1 1 
16392353534284211281652 -1 -1 1 -1 -1 1 -1 1 1 1 -1 -1 1 1 1 -1 -1 1 -1 1 1 1 1 1 1 1 
16344038928382633218740 -1 -1 1 -1 -1 1 -1 1 1 1 -1 -1 1 1 1 1 -1 1 -1 1 1 1 1 -1 1 1 
163743944323116321334263 -1 -1 1 -1 -1 1 -1 1 1 1 -1 1 -1 1 -1 -1 1 1 1 -1 1 1 1 1 1 1 
1644361140193825121451230 -1 -1 1 -1 -1 1 -1 1 1 1 -1 1 -1 1 1 -1 1 1 1 -1 -1 1 1 1 1 1 
163616525153343315142130 -1 -1 1 -1 -1 1 -1 1 1 1 -1 1 1 1 -1 -1 1 1 1 -1 1 1 1 1 -1 1 
164228204339151381315508 -1 -1 1 -1 -1 1 -1 1 1 1 -1 1 1 1 -1 1 1 1 -1 -1 1 -1 1 1 1 1 
16473023026241134014750 -1 -1 1 -1 -1 1 -1 1 1 1 1 -1 -1 1 1 1 -1 1 1 -1 -1 1 1 1 1 1 
1638393011265211197155212 -1 -1 1 -1 -1 1 -1 1 1 1 1 -1 -1 1 1 1 1 -1 1 -1 1 1 1 -1 1 1 
