165342820302923512316350 -1 -1 -1 1 1 -1 1 -1 1 -1 -1 1 -1 -1 1 1 1 1 1 1 1 -1 1 1 1 1 
1613232920283432391884424 -1 -1 -1 1 1 -1 1 -1 1 -1 -1 1 1 -1 1 -1 -1 1 1 1 1 1 1 1 1 1 
162334546232832428353033 -1 -1 -1 1 1 -1 1 -1 1 -1 -1 1 1 -1 1 1 -1 -1 1 1 1 1 1 1 1 1 
1626493917163613446131241 -1 -1 -1 1 1 -1 1 -1 1 -1 -1 1 1 -1 1 1 -1 1 1 1 1 -1 1 1 1 1 
161840374039181293332438 -1 -1 -1 1 1 -1 1 -1 1 -1 -1 1 1 -1 1 1 -1 1 1 1 1 1 1 -1 1 1 
16334202664372951151444 -1 -1 -1 1 1 -1 1 -1 1 -1 -1 1 1 1 1 1 1 -1 1 1 -1 -1 1 1 1 1 
16305133955123422314284 -1 -1 -1 1 1 -1 1 -1 1 -1 1 -1 -1 1 1 1 1 -1 1 1 -1 1 1 1 1 1 
16274411314932364241917 -1 -1 -1 1 1 -1 1 -1 1 -1 1 -1 -1 1 1 1 1 1 1 1 -1 -1 1 1 1 1 
16264547264714402214120 -1 -1 -1 1 1 -1 1 -1 1 -1 1 -1 1 1 -1 1 1 1 1 1 -1 1 1 -1 1 1 
1637493342410393618181230 -1 -1 -1 1 1 -1 1 -1 1 -1 1 1 -1 -1 1 1 1 1 -1 1 1 -1 1 1 1 1 
163448385281826153243719 -1 -1 -1 1 1 -1 1 -1 1 -1 1 1 -1 -1 1 1 1 1 1 -1 1 1 -1 1 1 1 
16384134215110454821137 -1 -1 -1 1 1 -1 1 -1 1 -1 1 1 -1 1 1 -1 -1 -1 1 1 1 1 1 1 1 1 
164535132249251863123936 -1 -1 -1 1 1 -1 1 -1 1 -1 1 1 -1 1 1 -1 1 1 -1 -1 1 1 1 1 1 1 
164923925452231361835136 -1 -1 -1 1 1 -1 1 -1 1 -1 1 1 1 -1 1 1 -1 1 -1 -1 1 1 1 1 1 1 
1650851911529504918401 -1 -1 -1 1 1 -1 1 -1 1 -1 1 1 1 1 1 -1 -1 -1 1 1 -1 1 1 1 1 1 
1648242114184549262018820 -1 -1 -1 1 1 -1 1 -1 1 -1 1 1 1 1 1 -1 -1 1 -1 1 1 -1 1 1 1 1 
164331337391821474301516 -1 -1 -1 1 1 -1 1 -1 1 -1 1 1 1 1 1 -1 -1 1 -1 1 1 1 1 -1 1 1 
164437329293113132849189 -1 -1 -1 1 1 -1 1 -1 1 -1 1 1 1 1 1 -1 -1 1 1 -1 1 1 -1 1 1 1 
16324746224114743029383 -1 -1 -1 1 1 -1 1 -1 1 -1 1 1 1 1 1 -1 1 1 -1 1 1 -1 -1 1 1 1 
16163539322834474828257 -1 -1 -1 1 1 -1 1 -1 1 -1 1 1 1 1 1 1 1 -1 1 1 -1 -1 -1 1 1 1 
16252535112031331029212248 -1 -1 -1 1 1 -1 1 -1 1 1 -1 -1 1 -1 -1 1 1 1 1 1 1 -1 1 1 1 1 
16289384651240238341544 -1 -1 -1 1 1 -1 1 -1 1 1 -1 -1 1 1 -1 -1 1 -1 1 1 1 1 1 1 1 1 
1636242350141342303130181 -1 -1 -1 1 1 -1 1 -1 1 1 -1 -1 1 1 -1 1 -1 1 -1 1 1 1 1 1 1 1 
16354534266144422641390 -1 -1 -1 1 1 -1 1 -1 1 1 -1 -1 1 1 -1 1 1 1 1 1 -1 1 -1 1 1 1 
