16263128332323847443434 -1 -1 -1 -1 1 -1 1 -1 1 1 1 -1 1 1 1 1 -1 1 -1 -1 1 1 1 -1 1 1 
16486554922502041142328 -1 -1 -1 -1 1 -1 1 -1 1 1 1 -1 1 1 1 1 -1 1 1 -1 1 1 -1 -1 1 1 
161522404638332811527388 -1 -1 -1 -1 1 -1 1 -1 1 1 1 1 -1 -1 1 1 1 -1 1 1 -1 -1 1 1 1 1 
16274820403561732941333 -1 -1 -1 -1 1 -1 1 -1 1 1 1 1 1 -1 1 -1 -1 1 1 1 1 1 -1 -1 1 1 
163148253018451513434319 -1 -1 -1 -1 1 -1 1 -1 1 1 1 1 1 -1 1 1 -1 -1 1 1 1 -1 1 1 -1 1 
162350303423162820351529 -1 -1 -1 -1 1 -1 1 -1 1 1 1 1 1 -1 1 1 1 -1 -1 1 -1 -1 1 1 1 1 
1644142547412419146123037 -1 -1 -1 -1 1 -1 1 -1 1 1 1 1 1 -1 1 1 1 -1 1 1 -1 -1 -1 1 1 1 
1644203239292413828341823 -1 -1 -1 -1 1 -1 1 -1 1 1 1 1 1 -1 1 1 1 1 -1 -1 1 -1 -1 1 1 1 
163741411413263304045022 -1 -1 -1 -1 1 -1 1 1 -1 -1 1 -1 1 -1 1 1 -1 -1 1 1 1 1 1 1 1 1 
164411377141937379412434 -1 -1 -1 -1 1 -1 1 1 -1 -1 1 -1 1 1 1 -1 1 1 1 -1 1 1 1 1 -1 1 
