16341343361239491512261420 -1 -1 -1 -1 -1 1 1 1 -1 -1 1 -1 1 1 -1 1 1 1 -1 1 1 1 -1 1 1 1 
16224938311994991373613 -1 -1 -1 -1 -1 1 1 1 -1 -1 1 1 -1 1 -1 1 -1 1 1 -1 1 1 1 1 1 1 
162418493617505274542413 -1 -1 -1 -1 -1 1 1 1 -1 -1 1 1 -1 1 -1 1 1 1 -1 1 1 -1 1 1 1 1 
1635373641111115194734217 -1 -1 -1 -1 -1 1 1 1 -1 1 -1 -1 1 -1 1 1 -1 1 1 1 1 1 -1 1 1 1 
162741464730122943172163 -1 -1 -1 -1 -1 1 1 1 -1 1 -1 -1 1 1 -1 -1 1 1 1 1 -1 1 1 1 1 1 
162828384351540383815158 -1 -1 -1 -1 -1 1 1 1 -1 1 -1 -1 1 1 -1 1 1 -1 1 1 1 1 -1 1 1 1 
1616324535144325251049217 -1 -1 -1 -1 -1 1 1 1 -1 1 -1 1 1 -1 -1 1 1 1 -1 1 1 -1 1 1 1 1 
16222640392436192042131715 -1 -1 -1 -1 -1 1 1 1 -1 1 -1 1 1 -1 -1 1 1 1 1 -1 1 1 -1 1 1 1 
1619234132627251730194430 -1 -1 -1 -1 -1 1 1 1 -1 1 -1 1 1 1 -1 1 1 -1 1 -1 1 1 -1 1 1 1 
1619503113312734183936104 -1 -1 -1 -1 -1 1 1 1 -1 1 1 -1 -1 1 -1 1 1 -1 1 1 1 1 -1 1 1 1 
16164734143037511211242314 -1 -1 -1 -1 -1 1 1 1 -1 1 1 -1 1 -1 -1 1 1 1 -1 1 1 1 -1 1 1 1 
