1628844341320182432232939 -1 -1 -1 -1 1 -1 1 1 -1 1 1 1 -1 -1 1 1 -1 1 1 1 1 1 -1 1 1 1 
16355458423641364211110 -1 -1 -1 -1 1 -1 1 1 -1 1 1 1 -1 1 -1 1 -1 1 1 1 1 -1 1 1 1 1 
1639613232635322537361622 -1 -1 -1 -1 1 -1 1 1 -1 1 1 1 -1 1 -1 1 1 1 -1 -1 1 1 1 1 1 1 
1627372114311244742144124 -1 -1 -1 -1 1 -1 1 1 -1 1 1 1 -1 1 1 1 -1 1 1 1 -1 -1 1 1 1 1 
1616423913218342148212533 -1 -1 -1 -1 1 -1 1 1 -1 1 1 1 -1 1 1 1 -1 1 1 1 1 -1 -1 1 1 1 
16743424472932427261715 -1 -1 -1 -1 1 -1 1 1 -1 1 1 1 -1 1 1 1 1 -1 1 1 1 -1 1 -1 1 1 
1610351034175124145018048 -1 -1 -1 -1 1 -1 1 1 -1 1 1 1 -1 1 1 1 1 1 -1 -1 1 1 1 1 -1 1 
16382474463322924113047 -1 -1 -1 -1 1 -1 1 1 -1 1 1 1 1 -1 -1 1 1 -1 1 1 1 -1 1 1 1 1 
162418461912153448454343 -1 -1 -1 -1 1 -1 1 1 -1 1 1 1 1 -1 -1 1 1 1 1 -1 1 1 1 -1 1 1 
1615144732651233027162633 -1 -1 -1 -1 1 -1 1 1 -1 1 1 1 1 -1 -1 1 1 1 1 1 -1 1 1 1 -1 1 
16923446372824443701447 -1 -1 -1 -1 1 -1 1 1 -1 1 1 1 1 -1 1 -1 1 1 1 1 1 1 -1 -1 1 1 
162431435453721418162317 -1 -1 -1 -1 1 -1 1 1 -1 1 1 1 1 -1 1 1 -1 1 1 1 -1 1 -1 1 1 1 
16351052044452045235645 -1 -1 -1 -1 1 -1 1 1 -1 1 1 1 1 -1 1 1 1 -1 1 -1 -1 1 1 1 1 1 
162631239471315372692749 -1 -1 -1 -1 1 -1 1 1 -1 1 1 1 1 -1 1 1 1 -1 1 1 -1 -1 1 1 1 1 
16173923223821495036729 -1 -1 -1 -1 1 -1 1 1 -1 1 1 1 1 -1 1 1 1 1 -1 1 -1 1 -1 1 1 1 
16340515501119837362536 -1 -1 -1 -1 1 -1 1 1 -1 1 1 1 1 1 -1 -1 1 1 -1 1 1 1 -1 1 1 1 
16269521338974911313037 -1 -1 -1 -1 1 -1 1 1 -1 1 1 1 1 1 -1 -1 1 1 1 -1 1 1 1 -1 1 1 
16179523284041182038540 -1 -1 -1 -1 1 -1 1 1 -1 1 1 1 1 1 -1 -1 1 1 1 1 -1 1 1 1 -1 1 
16313243034454413324331 -1 -1 -1 -1 1 -1 1 1 -1 1 1 1 1 1 -1 1 1 1 -1 -1 -1 1 1 1 1 1 
16113941245235742144232 -1 -1 -1 -1 1 -1 1 1 -1 1 1 1 1 1 -1 1 1 1 -1 1 1 -1 -1 1 1 1 
161363813184034391726446 -1 -1 -1 -1 1 -1 1 1 -1 1 1 1 1 1 -1 1 1 1 1 -1 -1 1 1 1 -1 1 
16622354144453914340626 -1 -1 -1 -1 1 -1 1 1 -1 1 1 1 1 1 1 -1 1 1 -1 1 -1 1 1 1 -1 1 
16184234236512451213237 -1 -1 -1 -1 1 -1 1 1 -1 1 1 1 1 1 1 1 -1 -1 1 -1 1 1 1 -1 1 1 
161771943403922212434234 -1 -1 -1 -1 1 -1 1 1 -1 1 1 1 1 1 1 1 -1 1 -1 -1 1 1 -1 1 1 1 
168103511125355116203943 -1 -1 -1 -1 1 -1 1 1 -1 1 1 1 1 1 1 1 1 -1 -1 -1 1 1 1 -1 1 1 
16615144333265144742029 -1 -1 -1 -1 1 -1 1 1 -1 1 1 1 1 1 1 1 1 -1 -1 1 -1 1 -1 1 1 1 
1603239334334344475121 -1 -1 -1 -1 1 -1 1 1 1 -1 -1 -1 1 -1 1 1 -1 1 1 1 1 1 1 1 1 1 
169291831316453549503114 -1 -1 -1 -1 1 -1 1 1 1 -1 -1 -1 1 1 1 -1 1 1 1 1 1 1 -1 1 1 1 
1619291122204746241229449 -1 -1 -1 -1 1 -1 1 1 1 -1 -1 1 -1 1 1 -1 1 1 1 1 1 -1 1 1 1 1 
169113627482230331582546 -1 -1 -1 -1 1 -1 1 1 1 -1 -1 1 -1 1 1 -1 1 1 1 1 1 1 1 -1 1 1 
1612311326392626431631643 -1 -1 -1 -1 1 -1 1 1 1 -1 -1 1 -1 1 1 1 1 -1 1 1 1 1 1 -1 1 1 
1627231520233426394782624 -1 -1 -1 -1 1 -1 1 1 1 -1 -1 1 1 -1 1 -1 1 1 1 1 -1 1 1 1 1 1 
16732752321717364225737 -1 -1 -1 -1 1 -1 1 1 1 -1 -1 1 1 -1 1 1 1 1 1 -1 1 1 1 1 -1 1 
1694011404918594035038 -1 -1 -1 -1 1 -1 1 1 1 -1 -1 1 1 -1 1 1 1 1 1 1 -1 1 1 -1 1 1 
161513624343021505230513 -1 -1 -1 -1 1 -1 1 1 1 -1 -1 1 1 1 -1 1 -1 1 1 1 1 1 1 1 -1 1 
1663426391323124339511610 -1 -1 -1 -1 1 -1 1 1 1 -1 -1 1 1 1 -1 1 1 1 1 1 -1 1 1 1 -1 1 
16387221172236949392350 -1 -1 -1 -1 1 -1 1 1 1 -1 -1 1 1 1 1 -1 -1 1 1 -1 1 1 1 1 1 1 
1633300163674951371448 -1 -1 -1 -1 1 -1 1 1 1 -1 -1 1 1 1 1 1 -1 -1 1 1 1 -1 1 1 1 1 
161049129482913221243847 -1 -1 -1 -1 1 -1 1 1 1 -1 -1 1 1 1 1 1 1 -1 1 1 -1 1 1 -1 1 1 
16272614314332314226931 -1 -1 -1 -1 1 -1 1 1 1 -1 1 -1 -1 1 1 1 -1 1 1 1 1 -1 1 1 1 1 
1612101334395126391643623 -1 -1 -1 -1 1 -1 1 1 1 -1 1 -1 -1 1 1 1 1 -1 1 1 1 1 1 1 -1 1 
16261472447304050130213 -1 -1 -1 -1 1 -1 1 1 1 -1 1 -1 1 1 -1 1 -1 1 1 1 1 1 1 -1 1 1 
162103445524136265221514 -1 -1 -1 -1 1 -1 1 1 1 -1 1 -1 1 1 -1 1 1 -1 1 1 1 1 1 1 -1 1 
1634332424821391325211618 -1 -1 -1 -1 1 -1 1 1 1 -1 1 -1 1 1 -1 1 1 1 -1 1 1 -1 1 1 1 1 
16273894051343401092518 -1 -1 -1 -1 1 -1 1 1 1 -1 1 -1 1 1 -1 1 1 1 1 -1 1 1 -1 1 1 1 
1618391383223443429242820 -1 -1 -1 -1 1 -1 1 1 1 -1 1 -1 1 1 -1 1 1 1 1 1 1 -1 -1 1 1 1 
162481219375218503918331 -1 -1 -1 -1 1 -1 1 1 1 -1 1 -1 1 1 1 1 -1 -1 1 1 1 1 1 1 -1 1 
16284073734433213269386 -1 -1 -1 -1 1 -1 1 1 1 -1 1 -1 1 1 1 1 -1 1 1 -1 1 1 -1 1 1 1 
1626162651153273323144730 -1 -1 -1 -1 1 -1 1 1 1 -1 1 1 -1 -1 1 1 1 1 -1 1 1 1 1 -1 1 1 
16812244421223943464534 -1 -1 -1 -1 1 -1 1 1 1 -1 1 1 -1 -1 1 1 1 1 1 1 1 1 -1 -1 1 1 
164024212174724322411943 -1 -1 -1 -1 1 -1 1 1 1 -1 1 1 -1 1 1 -1 -1 1 1 1 1 -1 1 1 1 1 
