1628302723491933322017727 -1 -1 -1 1 -1 1 1 1 1 -1 1 -1 1 1 -1 1 1 1 1 1 -1 1 -1 -1 1 1 
164923925452231361835136 -1 -1 -1 1 -1 1 1 1 1 -1 1 -1 1 1 1 -1 1 -1 -1 1 1 1 1 -1 1 1 
16235113732453641842221 -1 -1 -1 1 -1 1 1 1 1 -1 1 -1 1 1 1 1 1 -1 1 1 -1 -1 1 -1 1 1 
16134331691349404537189 -1 -1 -1 1 -1 1 1 1 1 -1 1 -1 1 1 1 1 1 -1 1 1 1 -1 -1 -1 1 1 
16493184120221478434812 -1 -1 -1 1 -1 1 1 1 1 -1 1 1 -1 -1 1 1 1 -1 -1 1 1 1 1 1 -1 1 
16443564535202452010545 -1 -1 -1 1 -1 1 1 1 1 -1 1 1 -1 -1 1 1 1 1 -1 1 -1 1 1 -1 1 1 
16519253274010184338940 -1 -1 -1 1 -1 1 1 1 1 -1 1 1 1 -1 -1 1 -1 1 1 -1 -1 1 1 1 1 1 
16491238336432341247172 -1 -1 -1 1 -1 1 1 1 1 -1 1 1 1 -1 1 -1 -1 1 1 -1 1 -1 1 1 1 1 
16451813384991840314093 -1 -1 -1 1 -1 1 1 1 1 -1 1 1 1 -1 1 1 -1 -1 1 -1 1 -1 1 1 1 1 
16364317214934232339387 -1 -1 -1 1 -1 1 1 1 1 -1 1 1 1 -1 1 1 -1 1 1 -1 -1 1 -1 1 1 1 
16224928315192939372213 -1 -1 -1 1 -1 1 1 1 1 -1 1 1 1 -1 1 1 1 -1 1 1 -1 -1 1 -1 1 1 
1644961369344939313537 -1 -1 -1 1 -1 1 1 1 1 -1 1 1 1 1 -1 -1 1 1 -1 -1 -1 1 1 1 1 1 
16392644223403541614645 -1 -1 -1 1 -1 1 1 1 1 -1 1 1 1 1 -1 -1 1 1 -1 1 -1 1 1 -1 1 1 
16342822848339725351647 -1 -1 -1 1 -1 1 1 1 1 -1 1 1 1 1 -1 1 1 -1 -1 1 -1 -1 1 1 1 1 
1636141726492021823453824 -1 -1 -1 1 -1 1 1 1 1 -1 1 1 1 1 1 -1 -1 1 -1 -1 1 1 -1 1 1 1 
16341918517483847443138 -1 -1 -1 1 -1 1 1 1 1 -1 1 1 1 1 1 -1 -1 1 -1 1 -1 -1 1 1 1 1 
