1651503387171447032646 -1 -1 -1 -1 -1 -1 1 -1 1 1 -1 1 1 1 -1 1 1 1 -1 1 -1 1 1 1 1 1 
1651393013111034322351162 -1 -1 -1 -1 -1 -1 1 1 -1 1 -1 1 1 -1 1 1 -1 1 1 1 -1 1 1 1 1 1 
165247110303138182616737 -1 -1 -1 -1 -1 -1 1 1 -1 1 1 1 -1 1 -1 1 1 1 -1 1 1 1 1 -1 1 1 
163637494738162201918131 -1 -1 -1 -1 -1 -1 1 1 1 -1 1 1 1 -1 1 -1 1 1 1 1 -1 -1 1 1 1 1 
16514645216382245151931 -1 -1 -1 -1 -1 1 -1 -1 1 1 -1 1 1 1 -1 -1 1 1 1 1 -1 1 1 1 1 1 
164550241352724184936174 -1 -1 -1 -1 -1 1 -1 -1 1 1 -1 1 1 1 1 -1 1 1 -1 1 -1 1 1 1 1 1 
16494038636923182281748 -1 -1 -1 -1 -1 1 -1 -1 1 1 1 -1 1 1 1 1 1 -1 1 -1 1 -1 1 1 1 1 
1651393434221073343443 -1 -1 -1 -1 -1 1 -1 1 -1 -1 1 1 1 1 1 1 -1 1 -1 1 1 -1 1 1 1 1 
164347430213115183163937 -1 -1 -1 -1 -1 1 -1 1 -1 1 -1 1 1 -1 1 1 1 -1 -1 1 1 1 1 1 1 1 
16365152552634515122150 -1 -1 -1 -1 -1 1 -1 1 -1 1 -1 1 1 1 1 -1 1 1 -1 -1 1 1 1 1 1 1 
16513534472003233244411 -1 -1 -1 -1 -1 1 -1 1 -1 1 1 -1 1 -1 -1 1 1 1 1 1 -1 1 1 1 1 1 
164041162722511281440733 -1 -1 -1 -1 -1 1 -1 1 -1 1 1 1 -1 -1 1 1 -1 1 1 1 1 -1 1 1 1 1 
164025372633370541291326 -1 -1 -1 -1 -1 1 -1 1 -1 1 1 1 -1 -1 1 1 1 1 -1 1 1 -1 1 1 1 1 
16474614621747182684013 -1 -1 -1 -1 -1 1 -1 1 -1 1 1 1 1 1 1 -1 -1 1 1 1 -1 1 1 -1 1 1 
16422027744441221503124 -1 -1 -1 -1 -1 1 -1 1 1 -1 1 -1 1 1 -1 1 1 1 -1 1 1 1 -1 1 1 1 
163824302326811207395234 -1 -1 -1 -1 -1 1 -1 1 1 -1 1 -1 1 1 1 1 -1 1 -1 1 1 1 -1 1 1 1 
1623513133183014143634216 -1 -1 -1 -1 -1 1 -1 1 1 -1 1 1 1 -1 -1 1 1 1 -1 1 -1 1 1 1 1 1 
165237112630538252626729 -1 -1 -1 -1 -1 1 -1 1 1 -1 1 1 1 -1 -1 1 1 1 1 1 -1 1 1 1 -1 1 
164648525242129115210831 -1 -1 -1 -1 -1 1 -1 1 1 -1 1 1 1 1 1 -1 -1 1 1 1 -1 1 1 1 -1 1 
165229153721265263625345 -1 -1 -1 -1 -1 1 -1 1 1 -1 1 1 1 1 1 1 -1 1 -1 1 1 -1 -1 1 1 1 
163434332844152195113040 -1 -1 -1 -1 -1 1 -1 1 1 1 -1 1 -1 1 1 1 1 -1 -1 1 1 1 1 -1 1 1 
164345126142012303464940 -1 -1 -1 -1 -1 1 -1 1 1 1 -1 1 1 -1 1 -1 1 1 1 1 -1 1 1 1 -1 1 
1644105271641471141171610 -1 -1 -1 -1 -1 1 -1 1 1 1 -1 1 1 -1 1 1 1 1 -1 1 1 -1 -1 1 1 1 
16284123634030335482332 -1 -1 -1 -1 -1 1 -1 1 1 1 -1 1 1 1 -1 1 1 -1 1 -1 1 1 -1 1 1 1 
164910502893040125331135 -1 -1 -1 -1 -1 1 -1 1 1 1 -1 1 1 1 -1 1 1 1 1 -1 1 -1 -1 1 1 1 
16363036236303630362362 -1 -1 -1 -1 -1 1 -1 1 1 1 1 -1 -1 1 1 1 -1 1 1 1 -1 1 1 -1 1 1 
1625453532201933329252224 -1 -1 -1 -1 -1 1 -1 1 1 1 1 -1 1 1 -1 -1 1 1 1 1 -1 1 -1 1 1 1 
16462843939694815401218 -1 -1 -1 -1 -1 1 -1 1 1 1 1 1 -1 1 1 1 -1 1 1 -1 1 -1 -1 1 1 1 
1639501913342710183136314 -1 -1 -1 -1 -1 1 -1 1 1 1 1 1 1 -1 1 1 -1 1 -1 1 1 -1 -1 1 1 1 
16435043512112155353926 -1 -1 -1 -1 -1 1 1 -1 -1 -1 1 1 1 1 -1 1 -1 1 -1 1 1 1 1 1 1 1 
16523746172941831552416 -1 -1 -1 -1 -1 1 1 -1 -1 1 -1 1 -1 1 1 1 -1 -1 1 1 1 1 1 1 1 1 
16383832407328403492618 -1 -1 -1 -1 -1 1 1 -1 -1 1 -1 1 1 1 -1 1 -1 1 1 -1 1 1 1 1 1 1 
16487214318394921203834 -1 -1 -1 -1 -1 1 1 -1 -1 1 1 -1 1 1 1 1 -1 1 1 1 -1 1 -1 1 1 1 
1635515334482041227640 -1 -1 -1 -1 -1 1 1 -1 -1 1 1 1 1 -1 1 -1 1 -1 1 1 1 1 1 -1 1 1 
1630387295234261038161121 -1 -1 -1 -1 -1 1 1 -1 -1 1 1 1 1 -1 1 1 -1 1 -1 1 1 1 -1 1 1 1 
163033294128402271281151 -1 -1 -1 -1 -1 1 1 -1 -1 1 1 1 1 -1 1 1 1 -1 1 -1 1 -1 1 1 1 1 
1644142547412419146123037 -1 -1 -1 -1 -1 1 1 -1 -1 1 1 1 1 -1 1 1 1 1 -1 1 -1 1 -1 1 1 1 
1651730371134344123191611 -1 -1 -1 -1 -1 1 1 -1 1 -1 -1 1 1 1 1 -1 1 1 1 -1 1 1 1 -1 1 1 
1647513510151321236391132 -1 -1 -1 -1 -1 1 1 -1 1 -1 1 -1 -1 1 1 -1 1 -1 1 1 1 1 1 1 1 1 
164981934120382436232239 -1 -1 -1 -1 -1 1 1 -1 1 -1 1 -1 1 1 1 -1 1 1 1 1 -1 1 1 -1 1 1 
1632502830181293044131324 -1 -1 -1 -1 -1 1 1 -1 1 -1 1 1 -1 -1 1 -1 1 1 1 -1 1 1 1 1 1 1 
163135250302945161314433 -1 -1 -1 -1 -1 1 1 -1 1 -1 1 1 1 1 -1 -1 1 1 1 -1 1 1 1 -1 1 1 
16283923423430145512351 -1 -1 -1 -1 -1 1 1 -1 1 -1 1 1 1 1 1 -1 1 -1 1 -1 1 1 -1 1 1 1 
1648152140181949342028813 -1 -1 -1 -1 -1 1 1 -1 1 -1 1 1 1 1 1 -1 1 1 1 -1 -1 1 1 -1 1 1 
161350311693491445291835 -1 -1 -1 -1 -1 1 1 -1 1 1 1 -1 1 -1 1 -1 1 1 -1 1 1 -1 1 1 1 1 
1615364615920122643393913 -1 -1 -1 -1 -1 1 1 -1 1 1 1 -1 1 -1 1 1 -1 1 1 -1 1 -1 1 1 1 1 
16224938311994991373613 -1 -1 -1 -1 -1 1 1 1 -1 -1 1 1 -1 1 -1 1 -1 1 1 -1 1 1 1 1 1 1 
162741464730122943172163 -1 -1 -1 -1 -1 1 1 1 -1 1 -1 -1 1 1 -1 -1 1 1 1 1 -1 1 1 1 1 1 
1616324535144325251049217 -1 -1 -1 -1 -1 1 1 1 -1 1 -1 1 1 -1 -1 1 1 1 -1 1 1 -1 1 1 1 1 
16164734143037511211242314 -1 -1 -1 -1 -1 1 1 1 -1 1 1 -1 1 -1 -1 1 1 1 -1 1 1 1 -1 1 1 1 
1613412914282632018454422 -1 -1 -1 -1 -1 1 1 1 -1 1 1 -1 1 -1 1 1 -1 1 -1 1 1 1 -1 1 1 1 
16493918222021215087489 -1 -1 -1 -1 1 -1 -1 -1 1 1 -1 1 1 -1 1 1 1 -1 1 -1 1 1 1 1 1 1 
16484013231331541761048 -1 -1 -1 -1 1 -1 -1 -1 1 1 -1 1 1 1 -1 1 -1 1 1 1 -1 1 1 1 1 1 
16473514344513314918548 -1 -1 -1 -1 1 -1 -1 -1 1 1 -1 1 1 1 -1 1 1 1 -1 1 -1 1 1 1 1 1 
16493938343621237243173 -1 -1 -1 -1 1 -1 -1 -1 1 1 1 -1 1 1 1 1 1 1 -1 -1 1 -1 1 1 1 1 
16502849641145523204822 -1 -1 -1 -1 1 -1 -1 1 -1 1 -1 1 -1 1 1 1 1 -1 -1 1 1 1 1 1 1 1 
16364536836136173619367 -1 -1 -1 -1 1 -1 -1 1 -1 1 -1 1 1 1 1 1 -1 -1 1 1 -1 1 1 1 1 1 
165217151321185463646348 -1 -1 -1 -1 1 -1 -1 1 -1 1 -1 1 1 1 1 1 -1 1 1 -1 1 1 -1 1 1 1 
16474716241115241629443 -1 -1 -1 -1 1 -1 -1 1 -1 1 1 1 -1 1 1 1 -1 -1 1 1 1 1 1 1 -1 1 
163751910241314244393732 -1 -1 -1 -1 1 -1 -1 1 -1 1 1 1 1 -1 1 -1 1 -1 1 1 1 1 1 -1 1 1 
1649350189404038540119 -1 -1 -1 -1 1 -1 -1 1 1 -1 -1 1 1 -1 1 1 1 1 1 -1 1 -1 1 1 1 1 
1644515220165477419165 -1 -1 -1 -1 1 -1 -1 1 1 -1 1 1 1 1 1 1 1 -1 1 -1 -1 -1 1 1 1 1 
164943451624471762411525 -1 -1 -1 -1 1 -1 -1 1 1 1 -1 -1 -1 1 -1 1 1 1 -1 1 1 1 1 1 1 1 
163646524651734181582113 -1 -1 -1 -1 1 -1 -1 1 1 1 -1 1 -1 -1 -1 1 1 1 1 1 -1 1 1 1 1 1 
1634213794750939422337 -1 -1 -1 -1 1 -1 -1 1 1 1 -1 1 -1 -1 1 1 1 1 -1 1 1 1 -1 1 1 1 
16252535112031331029212248 -1 -1 -1 -1 1 -1 -1 1 1 1 -1 1 -1 1 -1 1 1 1 -1 1 1 -1 1 1 1 1 
163629493738262226192515 -1 -1 -1 -1 1 -1 -1 1 1 1 1 -1 -1 -1 1 1 1 1 1 -1 1 1 1 -1 1 1 
1615472232325011171946138 -1 -1 -1 -1 1 -1 -1 1 1 1 1 -1 1 1 -1 -1 1 1 1 -1 1 -1 1 1 1 1 
163829132214710244829149 -1 -1 -1 -1 1 -1 -1 1 1 1 1 -1 1 1 -1 1 1 1 -1 1 -1 1 1 1 -1 1 
1631233620423418392381424 -1 -1 -1 -1 1 -1 -1 1 1 1 1 1 -1 1 -1 1 1 1 -1 1 1 -1 -1 1 1 1 
1650202075051393854551 -1 -1 -1 -1 1 -1 -1 1 1 1 1 1 -1 1 1 1 1 -1 1 -1 1 -1 1 -1 1 1 
163629324718221492292324 -1 -1 -1 -1 1 -1 -1 1 1 1 1 1 1 -1 1 -1 1 1 1 -1 1 -1 -1 1 1 1 
1651223043114342723371616 -1 -1 -1 -1 1 -1 1 -1 -1 -1 1 1 1 -1 1 1 -1 1 1 -1 1 1 1 1 1 1 
16511430471124341423121637 -1 -1 -1 -1 1 -1 1 -1 -1 -1 1 1 1 -1 1 1 1 -1 1 1 -1 1 1 1 1 1 
163050234416711245120342 -1 -1 -1 -1 1 -1 1 -1 -1 1 1 1 1 1 -1 -1 1 -1 1 1 1 1 1 -1 1 1 
16496181820482128894840 -1 -1 -1 -1 1 -1 1 -1 1 -1 -1 1 1 -1 1 1 1 -1 1 1 1 1 -1 1 1 1 
16292030241718461416262745 -1 -1 -1 -1 1 -1 1 -1 1 -1 1 1 -1 -1 1 1 1 -1 1 1 -1 1 1 1 1 1 
1647733433439421933734 -1 -1 -1 -1 1 -1 1 -1 1 -1 1 1 -1 -1 1 1 1 1 1 1 1 -1 -1 1 1 1 
16263128332323847443434 -1 -1 -1 -1 1 -1 1 -1 1 1 1 -1 1 1 1 1 -1 1 -1 -1 1 1 1 -1 1 1 
16486554922502041142328 -1 -1 -1 -1 1 -1 1 -1 1 1 1 -1 1 1 1 1 -1 1 1 -1 1 1 -1 -1 1 1 
16274820403561732941333 -1 -1 -1 -1 1 -1 1 -1 1 1 1 1 1 -1 1 -1 -1 1 1 1 1 1 -1 -1 1 1 
162350303423162820351529 -1 -1 -1 -1 1 -1 1 -1 1 1 1 1 1 -1 1 1 1 -1 -1 1 -1 -1 1 1 1 1 
1644142547412419146123037 -1 -1 -1 -1 1 -1 1 -1 1 1 1 1 1 -1 1 1 1 -1 1 1 -1 -1 -1 1 1 1 
1623133111830142436504230 -1 -1 -1 -1 1 -1 1 1 -1 1 -1 1 1 -1 1 1 1 -1 1 -1 1 1 1 -1 1 1 
163018785246261738131146 -1 -1 -1 -1 1 -1 1 1 -1 1 1 1 -1 1 -1 1 1 1 -1 1 1 1 -1 -1 1 1 
162224223288222051393934 -1 -1 -1 -1 1 -1 1 1 -1 1 1 1 -1 1 1 -1 1 -1 1 1 1 -1 1 -1 1 1 
1620324351943122546491117 -1 -1 -1 -1 1 -1 1 1 -1 1 1 1 1 -1 -1 1 1 -1 1 1 1 -1 1 -1 1 1 
16363752953134131549219 -1 -1 -1 -1 1 -1 1 1 1 -1 -1 1 -1 -1 1 1 1 1 1 1 1 -1 1 -1 1 1 
16213920348211874843493 -1 -1 -1 -1 1 -1 1 1 1 -1 -1 1 -1 1 1 -1 1 -1 1 1 1 1 1 -1 1 1 
163043192725164437414622 -1 -1 -1 -1 1 -1 1 1 1 -1 1 -1 -1 1 1 -1 1 1 1 1 1 1 -1 -1 1 1 
163514333153039144332116 -1 -1 -1 -1 1 -1 1 1 1 -1 1 1 1 -1 -1 1 1 -1 1 -1 -1 1 1 1 1 1 
1664826351318123439141651 -1 -1 -1 -1 1 -1 1 1 1 1 -1 1 1 -1 -1 1 -1 1 1 1 -1 1 -1 1 1 1 
1613441613649393612412617 -1 -1 -1 -1 1 -1 1 1 1 1 -1 1 1 -1 -1 1 1 -1 1 1 1 -1 1 -1 1 1 
163837304726161107185231 -1 -1 -1 -1 1 -1 1 1 1 1 1 1 1 -1 1 -1 1 -1 1 1 -1 -1 -1 1 1 1 
1627324624303529017111647 -1 -1 -1 -1 1 1 -1 -1 -1 1 1 -1 1 1 1 -1 1 -1 1 -1 1 1 1 1 1 1 
16122794243946139431525 -1 -1 -1 -1 1 1 -1 -1 1 1 1 -1 1 -1 1 -1 1 1 -1 1 1 -1 1 1 1 1 
164639173416213072743293 -1 -1 -1 -1 1 1 -1 1 -1 1 -1 -1 1 -1 -1 1 1 1 1 1 1 1 -1 1 1 1 
161239343449211474343123 -1 -1 -1 -1 1 1 -1 1 1 1 -1 1 1 1 1 -1 -1 1 -1 1 -1 -1 1 1 1 1 
161246255011324481947117 -1 -1 -1 -1 1 1 1 -1 -1 1 1 -1 1 -1 1 -1 -1 1 1 -1 1 1 1 1 1 1 
163646524651734181582113 -1 -1 -1 -1 1 1 1 -1 1 -1 -1 -1 1 1 -1 -1 1 -1 1 1 1 1 1 1 1 1 
16498919455231501818131 -1 -1 -1 1 -1 -1 1 -1 -1 1 1 1 -1 1 1 1 1 1 -1 1 1 -1 -1 1 1 1 
16263384194010273782351 -1 -1 -1 1 -1 -1 1 -1 -1 1 1 1 1 -1 1 1 1 -1 1 -1 1 -1 1 1 1 1 
16321714442411139362749 -1 -1 -1 1 -1 -1 1 -1 1 -1 1 1 1 1 1 -1 1 -1 1 1 1 -1 -1 1 1 1 
1616193132234481542403428 -1 -1 -1 1 -1 -1 1 1 1 -1 1 1 -1 1 1 -1 1 -1 1 1 1 -1 1 -1 1 1 
