0636456846583616293328830532 -1 -1 -1 -1 -1 -1 -1 -1 -1 1 1 1 -1 1 1 -1 -1 1 1 1 1 -1 -1 1 1 -1 1 -1 1 1 1 1 
0636354276319932274548540115 -1 -1 -1 -1 -1 -1 -1 -1 -1 1 1 1 -1 1 1 -1 1 1 -1 -1 1 1 1 1 -1 -1 1 -1 1 1 1 1 
0645544402109168305740284325 -1 -1 -1 -1 -1 -1 -1 -1 1 -1 1 -1 1 1 -1 1 1 -1 1 -1 1 1 1 -1 1 -1 -1 1 1 1 1 1 
06363581641713222175916306319 -1 -1 -1 -1 -1 -1 -1 -1 1 -1 1 -1 1 1 -1 1 1 -1 1 1 1 -1 1 -1 1 -1 -1 1 1 1 1 1 
0625258472203416504931194027 -1 -1 -1 -1 -1 -1 -1 -1 1 -1 1 -1 1 1 1 -1 -1 1 1 -1 1 1 1 -1 1 -1 -1 1 1 1 1 1 
06360521622502632686216144311 -1 -1 -1 -1 -1 -1 -1 -1 1 -1 1 -1 1 1 1 -1 -1 1 1 1 1 -1 1 -1 -1 1 1 -1 1 1 1 1 
0636039481502032318154819435 -1 -1 -1 -1 -1 -1 -1 -1 1 -1 1 -1 1 1 1 1 -1 -1 1 1 1 -1 1 1 -1 -1 1 -1 1 1 1 1 
06059459449316435585531533 -1 -1 -1 -1 -1 -1 -1 -1 1 -1 1 1 -1 -1 1 1 1 -1 1 1 -1 1 -1 1 1 -1 -1 1 1 1 1 1 
058636352819232574560279143 -1 -1 -1 -1 -1 -1 -1 -1 1 -1 1 1 -1 -1 1 1 1 -1 1 1 -1 1 1 -1 -1 1 -1 1 1 1 1 1 
06356581751132716161466350269 -1 -1 -1 -1 -1 -1 -1 -1 1 -1 1 1 -1 1 -1 -1 1 1 1 1 -1 1 -1 -1 1 1 1 -1 1 1 1 1 
0595264138201116949847184050 -1 -1 -1 -1 -1 -1 -1 -1 1 -1 1 1 -1 1 -1 1 -1 1 1 1 -1 1 -1 1 1 -1 -1 1 1 1 1 1 
058632217438321618381563495121 -1 -1 -1 -1 -1 -1 -1 -1 1 -1 1 1 -1 1 -1 1 1 1 -1 -1 1 1 -1 1 1 -1 1 -1 1 1 1 1 
06243631668143252502616116022 -1 -1 -1 -1 -1 -1 -1 -1 1 -1 1 1 -1 1 1 -1 -1 1 1 -1 1 1 1 -1 1 -1 1 -1 1 1 1 1 
059544412942111619421947585418 -1 -1 -1 -1 -1 -1 -1 -1 1 -1 1 1 -1 1 1 -1 -1 1 1 1 -1 1 -1 1 1 -1 1 -1 1 1 1 1 
063515216222926646296216145111 -1 -1 -1 -1 -1 -1 -1 -1 1 -1 1 1 -1 1 1 -1 -1 1 1 1 1 -1 1 -1 -1 1 1 1 -1 1 1 1 
05363543791914324245345931120 -1 -1 -1 -1 -1 -1 -1 -1 1 -1 1 1 -1 1 1 -1 1 -1 -1 1 1 1 -1 1 1 -1 -1 1 1 1 1 1 
0526059371921033403259172741 -1 -1 -1 -1 -1 -1 -1 -1 1 -1 1 1 -1 1 1 -1 1 -1 1 -1 1 1 1 -1 1 -1 -1 1 1 1 1 1 
0634446241224131653126224401532 -1 -1 -1 -1 -1 -1 -1 -1 1 -1 1 1 -1 1 1 -1 1 -1 1 -1 1 1 1 -1 1 1 -1 -1 1 1 1 1 
055633324218291628385724175115 -1 -1 -1 -1 -1 -1 -1 -1 1 -1 1 1 -1 1 1 -1 1 1 -1 -1 1 1 1 -1 1 -1 1 -1 1 1 1 1 
06264236353211616192517503426 -1 -1 -1 -1 -1 -1 -1 -1 1 -1 1 1 -1 1 1 1 1 -1 1 -1 1 -1 1 1 1 -1 -1 -1 1 1 1 1 
06346461133455161734224724638 -1 -1 -1 -1 -1 -1 -1 -1 1 -1 1 1 1 -1 -1 1 1 -1 1 -1 1 1 1 -1 1 -1 1 1 -1 1 1 1 
061635917368371612382263115117 -1 -1 -1 -1 -1 -1 -1 -1 1 -1 1 1 1 -1 -1 1 1 1 1 1 -1 1 -1 -1 1 -1 1 1 -1 1 1 1 
06356524822426326216248141411 -1 -1 -1 -1 -1 -1 -1 -1 1 -1 1 1 1 -1 1 -1 -1 1 1 1 1 -1 1 -1 -1 1 1 1 1 -1 1 1 
05263601681729326172516576318 -1 -1 -1 -1 -1 -1 -1 -1 1 -1 1 1 1 -1 1 -1 1 -1 -1 1 1 1 -1 1 1 -1 1 -1 1 1 1 1 
06052611703231161220563392347 -1 -1 -1 -1 -1 -1 -1 -1 1 -1 1 1 1 -1 1 -1 1 -1 -1 1 1 1 1 -1 1 -1 1 1 -1 1 1 1 
05649565381313046515127151545 -1 -1 -1 -1 -1 -1 -1 -1 1 -1 1 1 1 -1 1 -1 1 -1 1 1 -1 1 1 -1 1 1 -1 -1 1 1 1 1 
06060524721401916028251303148 -1 -1 -1 -1 -1 -1 -1 -1 1 -1 1 1 1 -1 1 -1 1 -1 1 1 1 1 -1 -1 -1 1 1 1 1 -1 1 1 
05563361128221618382547555133 -1 -1 -1 -1 -1 -1 -1 -1 1 -1 1 1 1 -1 1 -1 1 1 -1 1 1 -1 1 -1 1 -1 1 1 -1 1 1 1 
05659510449523250551406547 -1 -1 -1 -1 -1 -1 -1 -1 1 -1 1 1 1 -1 1 -1 1 1 1 -1 1 1 -1 -1 1 1 -1 -1 1 1 1 1 
06057612406031161248524392847 -1 -1 -1 -1 -1 -1 -1 -1 1 -1 1 1 1 -1 1 1 -1 -1 -1 1 1 1 1 -1 1 1 -1 1 -1 1 1 1 
06457428760441660488832828 -1 -1 -1 -1 -1 -1 -1 -1 1 -1 1 1 1 -1 1 1 -1 -1 1 -1 1 1 1 -1 1 1 1 -1 -1 1 1 1 
05257538186033164948198142817 -1 -1 -1 -1 -1 -1 -1 -1 1 -1 1 1 1 -1 1 1 -1 -1 1 1 1 -1 1 -1 1 1 -1 -1 1 1 1 1 
05356594838422026216248241436 -1 -1 -1 -1 -1 -1 -1 -1 1 -1 1 1 1 -1 1 1 -1 1 -1 -1 1 1 1 1 -1 1 -1 -1 1 1 1 1 
057595292491403655435540553 -1 -1 -1 -1 -1 -1 -1 -1 1 -1 1 1 1 -1 1 1 -1 1 1 -1 1 1 -1 1 -1 1 -1 -1 1 1 1 1 
060594532449313235583231533 -1 -1 -1 -1 -1 -1 -1 -1 1 -1 1 1 1 -1 1 1 1 -1 1 -1 1 1 -1 1 1 -1 -1 -1 1 1 1 1 
0596354272119420524515525152 -1 -1 -1 -1 -1 -1 -1 -1 1 -1 1 1 1 -1 1 1 1 -1 1 -1 1 1 1 -1 -1 1 -1 -1 1 1 1 1 
0526058172942016404186306038 -1 -1 -1 -1 -1 -1 -1 -1 1 -1 1 1 1 1 -1 -1 1 -1 1 1 1 -1 1 -1 1 -1 1 1 -1 1 1 1 
0625357276634645834455326 -1 -1 -1 -1 -1 -1 -1 -1 1 -1 1 1 1 1 -1 -1 1 -1 1 1 1 -1 1 1 -1 -1 1 1 1 -1 1 1 
06056584820416322821344838142 -1 -1 -1 -1 -1 -1 -1 -1 1 -1 1 1 1 1 -1 -1 1 -1 1 1 1 1 -1 -1 1 -1 1 1 1 -1 1 1 
0556040145443162046247376020 -1 -1 -1 -1 -1 -1 -1 -1 1 -1 1 1 1 1 -1 -1 1 1 -1 1 1 -1 1 -1 1 1 -1 1 -1 1 1 1 
0526361242828163538132475158 -1 -1 -1 -1 -1 -1 -1 -1 1 -1 1 1 1 1 -1 1 -1 1 -1 1 1 1 -1 1 -1 -1 1 1 -1 1 1 1 
0645559819043162530238374351 -1 -1 -1 -1 -1 -1 -1 -1 1 -1 1 1 1 1 -1 1 -1 1 1 1 -1 1 1 -1 -1 1 -1 1 -1 1 1 1 
0646034174541816434163256026 -1 -1 -1 -1 -1 -1 -1 -1 1 -1 1 1 1 1 -1 1 1 -1 1 -1 1 -1 1 1 1 -1 1 -1 -1 1 1 1 
062605085628251605743824818 -1 -1 -1 -1 -1 -1 -1 -1 1 -1 1 1 1 1 1 -1 -1 1 1 -1 1 -1 1 1 1 -1 1 -1 -1 1 1 1 
0606343537195332645522728141 -1 -1 -1 -1 -1 -1 -1 -1 1 -1 1 1 1 1 1 -1 -1 1 1 -1 1 1 -1 1 -1 1 1 -1 -1 1 1 1 
063563516356405456816595630 -1 -1 -1 -1 -1 -1 -1 -1 1 1 -1 -1 1 -1 1 1 1 -1 1 1 -1 1 -1 1 -1 1 1 -1 1 1 1 1 
05959285560926450553497517 -1 -1 -1 -1 -1 -1 -1 -1 1 1 -1 -1 1 -1 1 1 1 1 -1 -1 1 1 -1 1 1 -1 -1 1 1 1 1 1 
061603824222846163557162430488 -1 -1 -1 -1 -1 -1 -1 -1 1 1 -1 -1 1 -1 1 1 1 1 -1 1 -1 1 1 -1 -1 1 1 -1 1 1 1 1 
0645833474154116864171373315 -1 -1 -1 -1 -1 -1 -1 -1 1 1 -1 -1 1 -1 1 1 1 1 1 -1 -1 1 1 -1 1 -1 1 -1 1 1 1 1 
0596259524614832165840275115 -1 -1 -1 -1 -1 -1 -1 -1 1 1 -1 -1 1 1 -1 -1 1 1 1 1 -1 -1 1 -1 1 1 -1 1 1 1 1 1 
062524317432211652201363452316 -1 -1 -1 -1 -1 -1 -1 -1 1 1 -1 -1 1 1 -1 1 -1 1 -1 1 1 -1 1 1 -1 1 -1 1 1 1 1 1 
061483824225746163528162430608 -1 -1 -1 -1 -1 -1 -1 -1 1 1 -1 -1 1 1 -1 1 -1 1 1 -1 1 -1 1 1 1 -1 -1 1 1 1 1 1 
05853559323353212412055511123 -1 -1 -1 -1 -1 -1 -1 -1 1 1 -1 -1 1 1 -1 1 -1 1 1 -1 1 1 -1 1 -1 1 -1 1 1 1 1 1 
0614945155241162240947232049 -1 -1 -1 -1 -1 -1 -1 -1 1 1 -1 -1 1 1 -1 1 -1 1 1 1 -1 1 -1 1 -1 1 1 -1 1 1 1 1 
062386055331776457473194262 -1 -1 -1 -1 -1 -1 -1 -1 1 1 -1 -1 1 1 -1 1 1 -1 -1 1 1 1 1 -1 1 -1 -1 1 1 1 1 1 
05753373218236645841463227117 -1 -1 -1 -1 -1 -1 -1 -1 1 1 -1 -1 1 1 -1 1 1 -1 1 -1 1 1 -1 1 1 -1 -1 1 1 1 1 1 
062366363534401646331317322412 -1 -1 -1 -1 -1 -1 -1 -1 1 1 -1 -1 1 1 -1 1 1 -1 1 -1 1 1 1 1 -1 -1 -1 1 1 1 1 1 
0576462244321561662932431347 -1 -1 -1 -1 -1 -1 -1 -1 1 1 -1 -1 1 1 -1 1 1 1 1 -1 1 -1 1 1 -1 -1 -1 1 1 1 1 1 
055555432959253232520320961 -1 -1 -1 -1 -1 -1 -1 -1 1 1 -1 -1 1 1 1 -1 -1 1 -1 1 1 1 -1 1 -1 1 -1 1 1 1 1 1 
0624156321953626421145328232 -1 -1 -1 -1 -1 -1 -1 -1 1 1 -1 -1 1 1 1 -1 -1 1 -1 1 1 1 1 -1 -1 1 1 -1 1 1 1 1 
0575533945962642560553197 -1 -1 -1 -1 -1 -1 -1 -1 1 1 -1 -1 1 1 1 -1 -1 1 1 -1 1 1 -1 1 -1 1 1 -1 1 1 1 1 
05257535937342632173036372733 -1 -1 -1 -1 -1 -1 -1 -1 1 1 -1 -1 1 1 1 -1 1 -1 -1 1 1 1 1 -1 -1 1 -1 1 1 1 1 1 
06141465516531932271169602320 -1 -1 -1 -1 -1 -1 -1 -1 1 1 -1 -1 1 1 1 -1 1 -1 -1 1 1 1 1 -1 1 -1 1 -1 1 1 1 1 
05353475519233632214110961163 -1 -1 -1 -1 -1 -1 -1 -1 1 1 -1 -1 1 1 1 -1 1 -1 1 -1 1 1 1 -1 1 -1 -1 1 1 1 1 1 
05560341605024324283216404329 -1 -1 -1 -1 -1 -1 -1 -1 1 1 -1 -1 1 1 1 -1 1 1 -1 1 1 -1 1 -1 1 -1 1 -1 1 1 1 1 
0624857276313432581044553396 -1 -1 -1 -1 -1 -1 -1 -1 1 1 -1 -1 1 1 1 -1 1 1 -1 1 1 1 -1 1 -1 -1 1 -1 1 1 1 1 
05457286317602116248221762841 -1 -1 -1 -1 -1 -1 -1 -1 1 1 -1 -1 1 1 1 1 -1 -1 1 -1 1 1 1 -1 1 -1 1 -1 1 1 1 1 
059571624156059163148442431282 -1 -1 -1 -1 -1 -1 -1 -1 1 1 -1 -1 1 1 1 1 -1 -1 1 1 -1 1 1 -1 1 -1 1 1 -1 1 1 1 
05749366312526216514061729203 -1 -1 -1 -1 -1 -1 -1 -1 1 1 -1 -1 1 1 1 1 -1 -1 1 1 -1 1 1 1 -1 -1 1 -1 1 1 1 1 
061577402603316248840572821 -1 -1 -1 -1 -1 -1 -1 -1 1 1 -1 -1 1 1 1 1 -1 1 -1 1 -1 1 1 -1 1 1 -1 1 -1 1 1 1 
061515963363837161282217116317 -1 -1 -1 -1 -1 -1 -1 -1 1 1 -1 -1 1 1 1 1 -1 1 -1 1 1 1 1 -1 -1 -1 1 -1 1 1 1 1 
062605624382811616573924174826 -1 -1 -1 -1 -1 -1 -1 -1 1 1 -1 1 -1 -1 1 -1 1 1 1 -1 1 -1 -1 1 1 1 -1 1 1 1 1 1 
060565516594273221214116281429 -1 -1 -1 -1 -1 -1 -1 -1 1 1 -1 1 -1 -1 1 1 -1 1 -1 1 -1 1 1 1 -1 -1 1 1 1 1 1 1 
059574424166021659483124152831 -1 -1 -1 -1 -1 -1 -1 -1 1 1 -1 1 -1 -1 1 1 -1 1 1 1 -1 -1 1 -1 1 1 1 -1 1 1 1 1 
0565363929233332314135551118 -1 -1 -1 -1 -1 -1 -1 -1 1 1 -1 1 -1 -1 1 1 -1 1 1 1 -1 -1 1 1 -1 1 -1 1 1 1 1 1 
062416287443164332578561231 -1 -1 -1 -1 -1 -1 -1 -1 1 1 -1 1 -1 -1 1 1 -1 1 1 1 -1 1 -1 1 -1 1 1 -1 1 1 1 1 
057495716406115328192316303125 -1 -1 -1 -1 -1 -1 -1 -1 1 1 -1 1 -1 -1 1 1 1 -1 -1 1 1 1 -1 1 -1 1 -1 1 1 1 1 1 
05553413261234064244133223119 -1 -1 -1 -1 -1 -1 -1 -1 1 1 -1 1 -1 -1 1 1 1 -1 1 1 -1 -1 1 1 1 -1 -1 1 1 1 1 1 
052606482528416175738594833 -1 -1 -1 -1 -1 -1 -1 -1 1 1 -1 1 -1 -1 1 1 1 -1 1 1 -1 1 -1 1 -1 1 -1 1 1 1 1 1 
0634935163614325419816593130 -1 -1 -1 -1 -1 -1 -1 -1 1 1 -1 1 -1 -1 1 1 1 -1 1 1 -1 1 -1 1 -1 1 1 1 -1 1 1 1 
06452963502081638495917114018 -1 -1 -1 -1 -1 -1 -1 -1 1 1 -1 1 -1 -1 1 1 1 1 -1 -1 1 -1 1 1 1 -1 1 1 -1 1 1 1 
062412363534416161322517501226 -1 -1 -1 -1 -1 -1 -1 -1 1 1 -1 1 -1 -1 1 1 1 1 -1 1 -1 1 -1 1 1 1 -1 -1 1 1 1 1 
0536352274319413260452853716 -1 -1 -1 -1 -1 -1 -1 -1 1 1 -1 1 -1 -1 1 1 1 1 1 -1 -1 1 1 -1 -1 1 1 -1 1 1 1 1 
06149356358521316240521728207 -1 -1 -1 -1 -1 -1 -1 -1 1 1 -1 1 -1 -1 1 1 1 1 1 -1 1 -1 -1 1 1 1 -1 -1 1 1 1 1 
060625252137164634432712244 -1 -1 -1 -1 -1 -1 -1 -1 1 1 -1 1 -1 1 -1 -1 1 1 -1 1 1 -1 -1 1 1 1 -1 1 1 1 1 1 
063623559603728036443729241 -1 -1 -1 -1 -1 -1 -1 -1 1 1 -1 1 -1 1 -1 -1 1 1 1 1 -1 -1 -1 1 1 1 1 1 -1 1 1 1 
058525524453226167204924332346 -1 -1 -1 -1 -1 -1 -1 -1 1 1 -1 1 -1 1 -1 -1 1 1 1 1 -1 -1 1 -1 1 1 1 -1 1 1 1 1 
059562916274553228212116601441 -1 -1 -1 -1 -1 -1 -1 -1 1 1 -1 1 -1 1 -1 1 -1 1 1 -1 -1 1 1 1 -1 1 1 -1 1 1 1 1 
05552448223227164920418312351 -1 -1 -1 -1 -1 -1 -1 -1 1 1 -1 1 -1 1 -1 1 -1 1 1 1 -1 -1 1 1 -1 1 1 -1 1 1 1 1 
05448578465752169281826036 -1 -1 -1 -1 -1 -1 -1 -1 1 1 -1 1 -1 1 -1 1 -1 1 1 1 -1 -1 1 1 1 -1 -1 1 1 1 1 1 
05163431624170325317521632631 -1 -1 -1 -1 -1 -1 -1 -1 1 1 -1 1 -1 1 -1 1 1 -1 -1 1 1 -1 1 1 -1 1 -1 1 1 1 1 1 
0594643123451166334164722461 -1 -1 -1 -1 -1 -1 -1 -1 1 1 -1 1 -1 1 -1 1 1 -1 1 1 -1 1 1 -1 -1 1 1 1 -1 1 1 1 
048604027592564594055242716 -1 -1 -1 -1 -1 -1 -1 -1 1 1 -1 1 -1 1 -1 1 1 1 -1 -1 1 1 -1 1 1 -1 -1 1 1 1 1 1 
04663561654175032317221620637 -1 -1 -1 -1 -1 -1 -1 -1 1 1 -1 1 -1 1 -1 1 1 1 -1 -1 1 1 1 -1 -1 1 -1 1 1 1 1 1 
05059468181854162335458291756 -1 -1 -1 -1 -1 -1 -1 -1 1 1 -1 1 -1 1 -1 1 1 1 -1 1 -1 1 1 -1 -1 1 1 -1 1 1 1 1 
0495559175409168302463144340 -1 -1 -1 -1 -1 -1 -1 -1 1 1 -1 1 -1 1 -1 1 1 1 -1 1 -1 1 1 -1 1 -1 -1 1 1 1 1 1 
059383432381721322474332122647 -1 -1 -1 -1 -1 -1 -1 -1 1 1 -1 1 -1 1 -1 1 1 1 -1 1 -1 1 1 -1 1 1 -1 -1 1 1 1 1 
05745332733631964241405231928 -1 -1 -1 -1 -1 -1 -1 -1 1 1 -1 1 -1 1 -1 1 1 1 -1 1 1 -1 -1 1 1 1 -1 -1 1 1 1 1 
0624058124934165020347195227 -1 -1 -1 -1 -1 -1 -1 -1 1 1 -1 1 -1 1 -1 1 1 1 -1 1 1 1 -1 -1 1 -1 1 1 -1 1 1 1 
0556021373224202240325943279 -1 -1 -1 -1 -1 -1 -1 -1 1 1 -1 1 -1 1 -1 1 1 1 1 -1 -1 1 -1 1 1 -1 1 1 -1 1 1 1 
0574760164812802814816604757 -1 -1 -1 -1 -1 -1 -1 -1 1 1 -1 1 -1 1 -1 1 1 1 1 -1 1 -1 1 1 -1 -1 1 -1 1 1 1 1 
0634254276328902736485402215 -1 -1 -1 -1 -1 -1 -1 -1 1 1 -1 1 -1 1 -1 1 1 1 1 1 -1 -1 1 1 -1 1 -1 -1 1 1 1 1 
057606324340521610282524373110 -1 -1 -1 -1 -1 -1 -1 -1 1 1 -1 1 -1 1 1 -1 -1 -1 1 1 -1 1 1 1 -1 1 -1 1 1 1 1 1 
05557523725344501030185933718 -1 -1 -1 -1 -1 -1 -1 -1 1 1 -1 1 -1 1 1 -1 -1 1 -1 1 -1 1 1 1 1 -1 -1 1 1 1 1 1 
062415691953623221145558232 -1 -1 -1 -1 -1 -1 -1 -1 1 1 -1 1 -1 1 1 -1 -1 1 -1 1 1 1 1 -1 -1 1 1 1 -1 1 1 1 
05056491622565601956311645625 -1 -1 -1 -1 -1 -1 -1 -1 1 1 -1 1 -1 1 1 -1 -1 1 1 -1 1 -1 1 1 1 -1 -1 1 1 1 1 1 
047606382282616255738848488 -1 -1 -1 -1 -1 -1 -1 -1 1 1 -1 1 -1 1 1 -1 -1 1 1 -1 1 1 -1 1 -1 1 -1 1 1 1 1 1 
05754330433623226360031427 -1 -1 -1 -1 -1 -1 -1 -1 1 1 -1 1 -1 1 1 -1 -1 1 1 -1 1 1 -1 1 -1 1 1 1 -1 1 1 1 
062296316651146452512616112922 -1 -1 -1 -1 -1 -1 -1 -1 1 1 -1 1 -1 1 1 -1 -1 1 1 -1 1 1 1 -1 1 1 -1 -1 1 1 1 1 
049624337193718324644559212415 -1 -1 -1 -1 -1 -1 -1 -1 1 1 -1 1 -1 1 1 -1 1 -1 -1 1 1 -1 1 1 1 -1 -1 1 1 1 1 1 
058541232833203250631732144213 -1 -1 -1 -1 -1 -1 -1 -1 1 1 -1 1 -1 1 1 -1 1 1 -1 -1 1 1 -1 1 1 1 -1 1 -1 1 1 1 
045604937462213243401859152